[0, 0, 0, 0, 0, 0]
1 0
[0, 0, 0, 123, 0, 0]
2 1
[0, 1, 0, 72, 0, 0]
3 2
[0, 2, 0, 1, 0, 0]
4 3
[0, 4, 0, 1, 0, 0]
5 5
[0, 5, 0, 0, 0, 0]
6 6
[0, 6, 65536, 0, 0, 0]
7 7
[0, 7, 65536, 1505483, 0, 0]
8 8
[0, 8, 65536, 1505483, 0, 0]
9 9
[0, 9, 65536, 1505483, 0, 0]
10 10
[0, 10, 65536, 1505483, 0, 0]
11 11
[0, 11, 65536, 99209824217, 0, 0]
12 12
[0, 12, 65536, 6146009, 0, 0]
13 13
[0, 13, 65536, 6146009, 0, 0]
14 14
[0, 14, 65536, 6146009, 0, 0]
15 15
[0, 16, 65536, 6146009, 0, 0]
16 17
[0, 17, 65536, 6146009, 0, 0]
17 18
[0, 18, 65536, 6146009, 0, 1]
18 19
[0, 19, 65536, 6146009, 0, 256]
19 20
[0, 20, 65536, 6146009, 0, 0]
20 21
[0, 21, 65536, 6146009, 0, 0]
21 22
[0, 23, 65536, 6146009, 0, 0]
22 24
[0, 24, 65536, 6146009, 1, 0]
23 25
[0, 17, 65536, 6146009, 1, 0]
24 18
[0, 18, 65536, 6146009, 1, 2]
25 19
[0, 19, 65536, 6146009, 1, 512]
26 20
[0, 20, 65536, 6146009, 1, 0]
27 21
[0, 21, 65536, 6146009, 1, 0]
28 22
[0, 23, 65536, 6146009, 1, 0]
29 24
[0, 24, 65536, 6146009, 2, 0]
30 25
[0, 17, 65536, 6146009, 2, 0]
31 18
[0, 18, 65536, 6146009, 2, 3]
32 19
[0, 19, 65536, 6146009, 2, 768]
33 20
[0, 20, 65536, 6146009, 2, 0]
34 21
[0, 21, 65536, 6146009, 2, 0]
35 22
[0, 23, 65536, 6146009, 2, 0]
36 24
[0, 24, 65536, 6146009, 3, 0]
37 25
[0, 17, 65536, 6146009, 3, 0]
38 18
[0, 18, 65536, 6146009, 3, 4]
39 19
[0, 19, 65536, 6146009, 3, 1024]
40 20
[0, 20, 65536, 6146009, 3, 0]
41 21
[0, 21, 65536, 6146009, 3, 0]
42 22
[0, 23, 65536, 6146009, 3, 0]
43 24
[0, 24, 65536, 6146009, 4, 0]
44 25
[0, 17, 65536, 6146009, 4, 0]
45 18
[0, 18, 65536, 6146009, 4, 5]
46 19
[0, 19, 65536, 6146009, 4, 1280]
47 20
[0, 20, 65536, 6146009, 4, 0]
48 21
[0, 21, 65536, 6146009, 4, 0]
49 22
[0, 23, 65536, 6146009, 4, 0]
50 24
[0, 24, 65536, 6146009, 5, 0]
51 25
[0, 17, 65536, 6146009, 5, 0]
52 18
[0, 18, 65536, 6146009, 5, 6]
53 19
[0, 19, 65536, 6146009, 5, 1536]
54 20
[0, 20, 65536, 6146009, 5, 0]
55 21
[0, 21, 65536, 6146009, 5, 0]
56 22
[0, 23, 65536, 6146009, 5, 0]
57 24
[0, 24, 65536, 6146009, 6, 0]
58 25
[0, 17, 65536, 6146009, 6, 0]
59 18
[0, 18, 65536, 6146009, 6, 7]
60 19
[0, 19, 65536, 6146009, 6, 1792]
61 20
[0, 20, 65536, 6146009, 6, 0]
62 21
[0, 21, 65536, 6146009, 6, 0]
63 22
[0, 23, 65536, 6146009, 6, 0]
64 24
[0, 24, 65536, 6146009, 7, 0]
65 25
[0, 17, 65536, 6146009, 7, 0]
66 18
[0, 18, 65536, 6146009, 7, 8]
67 19
[0, 19, 65536, 6146009, 7, 2048]
68 20
[0, 20, 65536, 6146009, 7, 0]
69 21
[0, 21, 65536, 6146009, 7, 0]
70 22
[0, 23, 65536, 6146009, 7, 0]
71 24
[0, 24, 65536, 6146009, 8, 0]
72 25
[0, 17, 65536, 6146009, 8, 0]
73 18
[0, 18, 65536, 6146009, 8, 9]
74 19
[0, 19, 65536, 6146009, 8, 2304]
75 20
[0, 20, 65536, 6146009, 8, 0]
76 21
[0, 21, 65536, 6146009, 8, 0]
77 22
[0, 23, 65536, 6146009, 8, 0]
78 24
[0, 24, 65536, 6146009, 9, 0]
79 25
[0, 17, 65536, 6146009, 9, 0]
80 18
[0, 18, 65536, 6146009, 9, 10]
81 19
[0, 19, 65536, 6146009, 9, 2560]
82 20
[0, 20, 65536, 6146009, 9, 0]
83 21
[0, 21, 65536, 6146009, 9, 0]
84 22
[0, 23, 65536, 6146009, 9, 0]
85 24
[0, 24, 65536, 6146009, 10, 0]
86 25
[0, 17, 65536, 6146009, 10, 0]
87 18
[0, 18, 65536, 6146009, 10, 11]
88 19
[0, 19, 65536, 6146009, 10, 2816]
89 20
[0, 20, 65536, 6146009, 10, 0]
90 21
[0, 21, 65536, 6146009, 10, 0]
91 22
[0, 23, 65536, 6146009, 10, 0]
92 24
[0, 24, 65536, 6146009, 11, 0]
93 25
[0, 17, 65536, 6146009, 11, 0]
94 18
[0, 18, 65536, 6146009, 11, 12]
95 19
[0, 19, 65536, 6146009, 11, 3072]
96 20
[0, 20, 65536, 6146009, 11, 0]
97 21
[0, 21, 65536, 6146009, 11, 0]
98 22
[0, 23, 65536, 6146009, 11, 0]
99 24
[0, 24, 65536, 6146009, 12, 0]
100 25
[0, 17, 65536, 6146009, 12, 0]
101 18
[0, 18, 65536, 6146009, 12, 13]
102 19
[0, 19, 65536, 6146009, 12, 3328]
103 20
[0, 20, 65536, 6146009, 12, 0]
104 21
[0, 21, 65536, 6146009, 12, 0]
105 22
[0, 23, 65536, 6146009, 12, 0]
106 24
[0, 24, 65536, 6146009, 13, 0]
107 25
[0, 17, 65536, 6146009, 13, 0]
108 18
[0, 18, 65536, 6146009, 13, 14]
109 19
[0, 19, 65536, 6146009, 13, 3584]
110 20
[0, 20, 65536, 6146009, 13, 0]
111 21
[0, 21, 65536, 6146009, 13, 0]
112 22
[0, 23, 65536, 6146009, 13, 0]
113 24
[0, 24, 65536, 6146009, 14, 0]
114 25
[0, 17, 65536, 6146009, 14, 0]
115 18
[0, 18, 65536, 6146009, 14, 15]
116 19
[0, 19, 65536, 6146009, 14, 3840]
117 20
[0, 20, 65536, 6146009, 14, 0]
118 21
[0, 21, 65536, 6146009, 14, 0]
119 22
[0, 23, 65536, 6146009, 14, 0]
120 24
[0, 24, 65536, 6146009, 15, 0]
121 25
[0, 17, 65536, 6146009, 15, 0]
122 18
[0, 18, 65536, 6146009, 15, 16]
123 19
[0, 19, 65536, 6146009, 15, 4096]
124 20
[0, 20, 65536, 6146009, 15, 0]
125 21
[0, 21, 65536, 6146009, 15, 0]
126 22
[0, 23, 65536, 6146009, 15, 0]
127 24
[0, 24, 65536, 6146009, 16, 0]
128 25
[0, 17, 65536, 6146009, 16, 0]
129 18
[0, 18, 65536, 6146009, 16, 17]
130 19
[0, 19, 65536, 6146009, 16, 4352]
131 20
[0, 20, 65536, 6146009, 16, 0]
132 21
[0, 21, 65536, 6146009, 16, 0]
133 22
[0, 23, 65536, 6146009, 16, 0]
134 24
[0, 24, 65536, 6146009, 17, 0]
135 25
[0, 17, 65536, 6146009, 17, 0]
136 18
[0, 18, 65536, 6146009, 17, 18]
137 19
[0, 19, 65536, 6146009, 17, 4608]
138 20
[0, 20, 65536, 6146009, 17, 0]
139 21
[0, 21, 65536, 6146009, 17, 0]
140 22
[0, 23, 65536, 6146009, 17, 0]
141 24
[0, 24, 65536, 6146009, 18, 0]
142 25
[0, 17, 65536, 6146009, 18, 0]
143 18
[0, 18, 65536, 6146009, 18, 19]
144 19
[0, 19, 65536, 6146009, 18, 4864]
145 20
[0, 20, 65536, 6146009, 18, 0]
146 21
[0, 21, 65536, 6146009, 18, 0]
147 22
[0, 23, 65536, 6146009, 18, 0]
148 24
[0, 24, 65536, 6146009, 19, 0]
149 25
[0, 17, 65536, 6146009, 19, 0]
150 18
[0, 18, 65536, 6146009, 19, 20]
151 19
[0, 19, 65536, 6146009, 19, 5120]
152 20
[0, 20, 65536, 6146009, 19, 0]
153 21
[0, 21, 65536, 6146009, 19, 0]
154 22
[0, 23, 65536, 6146009, 19, 0]
155 24
[0, 24, 65536, 6146009, 20, 0]
156 25
[0, 17, 65536, 6146009, 20, 0]
157 18
[0, 18, 65536, 6146009, 20, 21]
158 19
[0, 19, 65536, 6146009, 20, 5376]
159 20
[0, 20, 65536, 6146009, 20, 0]
160 21
[0, 21, 65536, 6146009, 20, 0]
161 22
[0, 23, 65536, 6146009, 20, 0]
162 24
[0, 24, 65536, 6146009, 21, 0]
163 25
[0, 17, 65536, 6146009, 21, 0]
164 18
[0, 18, 65536, 6146009, 21, 22]
165 19
[0, 19, 65536, 6146009, 21, 5632]
166 20
[0, 20, 65536, 6146009, 21, 0]
167 21
[0, 21, 65536, 6146009, 21, 0]
168 22
[0, 23, 65536, 6146009, 21, 0]
169 24
[0, 24, 65536, 6146009, 22, 0]
170 25
[0, 17, 65536, 6146009, 22, 0]
171 18
[0, 18, 65536, 6146009, 22, 23]
172 19
[0, 19, 65536, 6146009, 22, 5888]
173 20
[0, 20, 65536, 6146009, 22, 0]
174 21
[0, 21, 65536, 6146009, 22, 0]
175 22
[0, 23, 65536, 6146009, 22, 0]
176 24
[0, 24, 65536, 6146009, 23, 0]
177 25
[0, 17, 65536, 6146009, 23, 0]
178 18
[0, 18, 65536, 6146009, 23, 24]
179 19
[0, 19, 65536, 6146009, 23, 6144]
180 20
[0, 20, 65536, 6146009, 23, 0]
181 21
[0, 21, 65536, 6146009, 23, 0]
182 22
[0, 23, 65536, 6146009, 23, 0]
183 24
[0, 24, 65536, 6146009, 24, 0]
184 25
[0, 17, 65536, 6146009, 24, 0]
185 18
[0, 18, 65536, 6146009, 24, 25]
186 19
[0, 19, 65536, 6146009, 24, 6400]
187 20
[0, 20, 65536, 6146009, 24, 0]
188 21
[0, 21, 65536, 6146009, 24, 0]
189 22
[0, 23, 65536, 6146009, 24, 0]
190 24
[0, 24, 65536, 6146009, 25, 0]
191 25
[0, 17, 65536, 6146009, 25, 0]
192 18
[0, 18, 65536, 6146009, 25, 26]
193 19
[0, 19, 65536, 6146009, 25, 6656]
194 20
[0, 20, 65536, 6146009, 25, 0]
195 21
[0, 21, 65536, 6146009, 25, 0]
196 22
[0, 23, 65536, 6146009, 25, 0]
197 24
[0, 24, 65536, 6146009, 26, 0]
198 25
[0, 17, 65536, 6146009, 26, 0]
199 18
[0, 18, 65536, 6146009, 26, 27]
200 19
[0, 19, 65536, 6146009, 26, 6912]
201 20
[0, 20, 65536, 6146009, 26, 0]
202 21
[0, 21, 65536, 6146009, 26, 0]
203 22
[0, 23, 65536, 6146009, 26, 0]
204 24
[0, 24, 65536, 6146009, 27, 0]
205 25
[0, 17, 65536, 6146009, 27, 0]
206 18
[0, 18, 65536, 6146009, 27, 28]
207 19
[0, 19, 65536, 6146009, 27, 7168]
208 20
[0, 20, 65536, 6146009, 27, 0]
209 21
[0, 21, 65536, 6146009, 27, 0]
210 22
[0, 23, 65536, 6146009, 27, 0]
211 24
[0, 24, 65536, 6146009, 28, 0]
212 25
[0, 17, 65536, 6146009, 28, 0]
213 18
[0, 18, 65536, 6146009, 28, 29]
214 19
[0, 19, 65536, 6146009, 28, 7424]
215 20
[0, 20, 65536, 6146009, 28, 0]
216 21
[0, 21, 65536, 6146009, 28, 0]
217 22
[0, 23, 65536, 6146009, 28, 0]
218 24
[0, 24, 65536, 6146009, 29, 0]
219 25
[0, 17, 65536, 6146009, 29, 0]
220 18
[0, 18, 65536, 6146009, 29, 30]
221 19
[0, 19, 65536, 6146009, 29, 7680]
222 20
[0, 20, 65536, 6146009, 29, 0]
223 21
[0, 21, 65536, 6146009, 29, 0]
224 22
[0, 23, 65536, 6146009, 29, 0]
225 24
[0, 24, 65536, 6146009, 30, 0]
226 25
[0, 17, 65536, 6146009, 30, 0]
227 18
[0, 18, 65536, 6146009, 30, 31]
228 19
[0, 19, 65536, 6146009, 30, 7936]
229 20
[0, 20, 65536, 6146009, 30, 0]
230 21
[0, 21, 65536, 6146009, 30, 0]
231 22
[0, 23, 65536, 6146009, 30, 0]
232 24
[0, 24, 65536, 6146009, 31, 0]
233 25
[0, 17, 65536, 6146009, 31, 0]
234 18
[0, 18, 65536, 6146009, 31, 32]
235 19
[0, 19, 65536, 6146009, 31, 8192]
236 20
[0, 20, 65536, 6146009, 31, 0]
237 21
[0, 21, 65536, 6146009, 31, 0]
238 22
[0, 23, 65536, 6146009, 31, 0]
239 24
[0, 24, 65536, 6146009, 32, 0]
240 25
[0, 17, 65536, 6146009, 32, 0]
241 18
[0, 18, 65536, 6146009, 32, 33]
242 19
[0, 19, 65536, 6146009, 32, 8448]
243 20
[0, 20, 65536, 6146009, 32, 0]
244 21
[0, 21, 65536, 6146009, 32, 0]
245 22
[0, 23, 65536, 6146009, 32, 0]
246 24
[0, 24, 65536, 6146009, 33, 0]
247 25
[0, 17, 65536, 6146009, 33, 0]
248 18
[0, 18, 65536, 6146009, 33, 34]
249 19
[0, 19, 65536, 6146009, 33, 8704]
250 20
[0, 20, 65536, 6146009, 33, 0]
251 21
[0, 21, 65536, 6146009, 33, 0]
252 22
[0, 23, 65536, 6146009, 33, 0]
253 24
[0, 24, 65536, 6146009, 34, 0]
254 25
[0, 17, 65536, 6146009, 34, 0]
255 18
[0, 18, 65536, 6146009, 34, 35]
256 19
[0, 19, 65536, 6146009, 34, 8960]
257 20
[0, 20, 65536, 6146009, 34, 0]
258 21
[0, 21, 65536, 6146009, 34, 0]
259 22
[0, 23, 65536, 6146009, 34, 0]
260 24
[0, 24, 65536, 6146009, 35, 0]
261 25
[0, 17, 65536, 6146009, 35, 0]
262 18
[0, 18, 65536, 6146009, 35, 36]
263 19
[0, 19, 65536, 6146009, 35, 9216]
264 20
[0, 20, 65536, 6146009, 35, 0]
265 21
[0, 21, 65536, 6146009, 35, 0]
266 22
[0, 23, 65536, 6146009, 35, 0]
267 24
[0, 24, 65536, 6146009, 36, 0]
268 25
[0, 17, 65536, 6146009, 36, 0]
269 18
[0, 18, 65536, 6146009, 36, 37]
270 19
[0, 19, 65536, 6146009, 36, 9472]
271 20
[0, 20, 65536, 6146009, 36, 0]
272 21
[0, 21, 65536, 6146009, 36, 0]
273 22
[0, 23, 65536, 6146009, 36, 0]
274 24
[0, 24, 65536, 6146009, 37, 0]
275 25
[0, 17, 65536, 6146009, 37, 0]
276 18
[0, 18, 65536, 6146009, 37, 38]
277 19
[0, 19, 65536, 6146009, 37, 9728]
278 20
[0, 20, 65536, 6146009, 37, 0]
279 21
[0, 21, 65536, 6146009, 37, 0]
280 22
[0, 23, 65536, 6146009, 37, 0]
281 24
[0, 24, 65536, 6146009, 38, 0]
282 25
[0, 17, 65536, 6146009, 38, 0]
283 18
[0, 18, 65536, 6146009, 38, 39]
284 19
[0, 19, 65536, 6146009, 38, 9984]
285 20
[0, 20, 65536, 6146009, 38, 0]
286 21
[0, 21, 65536, 6146009, 38, 0]
287 22
[0, 23, 65536, 6146009, 38, 0]
288 24
[0, 24, 65536, 6146009, 39, 0]
289 25
[0, 17, 65536, 6146009, 39, 0]
290 18
[0, 18, 65536, 6146009, 39, 40]
291 19
[0, 19, 65536, 6146009, 39, 10240]
292 20
[0, 20, 65536, 6146009, 39, 0]
293 21
[0, 21, 65536, 6146009, 39, 0]
294 22
[0, 23, 65536, 6146009, 39, 0]
295 24
[0, 24, 65536, 6146009, 40, 0]
296 25
[0, 17, 65536, 6146009, 40, 0]
297 18
[0, 18, 65536, 6146009, 40, 41]
298 19
[0, 19, 65536, 6146009, 40, 10496]
299 20
[0, 20, 65536, 6146009, 40, 0]
300 21
[0, 21, 65536, 6146009, 40, 0]
301 22
[0, 23, 65536, 6146009, 40, 0]
302 24
[0, 24, 65536, 6146009, 41, 0]
303 25
[0, 17, 65536, 6146009, 41, 0]
304 18
[0, 18, 65536, 6146009, 41, 42]
305 19
[0, 19, 65536, 6146009, 41, 10752]
306 20
[0, 20, 65536, 6146009, 41, 0]
307 21
[0, 21, 65536, 6146009, 41, 0]
308 22
[0, 23, 65536, 6146009, 41, 0]
309 24
[0, 24, 65536, 6146009, 42, 0]
310 25
[0, 17, 65536, 6146009, 42, 0]
311 18
[0, 18, 65536, 6146009, 42, 43]
312 19
[0, 19, 65536, 6146009, 42, 11008]
313 20
[0, 20, 65536, 6146009, 42, 0]
314 21
[0, 21, 65536, 6146009, 42, 0]
315 22
[0, 23, 65536, 6146009, 42, 0]
316 24
[0, 24, 65536, 6146009, 43, 0]
317 25
[0, 17, 65536, 6146009, 43, 0]
318 18
[0, 18, 65536, 6146009, 43, 44]
319 19
[0, 19, 65536, 6146009, 43, 11264]
320 20
[0, 20, 65536, 6146009, 43, 0]
321 21
[0, 21, 65536, 6146009, 43, 0]
322 22
[0, 23, 65536, 6146009, 43, 0]
323 24
[0, 24, 65536, 6146009, 44, 0]
324 25
[0, 17, 65536, 6146009, 44, 0]
325 18
[0, 18, 65536, 6146009, 44, 45]
326 19
[0, 19, 65536, 6146009, 44, 11520]
327 20
[0, 20, 65536, 6146009, 44, 0]
328 21
[0, 21, 65536, 6146009, 44, 0]
329 22
[0, 23, 65536, 6146009, 44, 0]
330 24
[0, 24, 65536, 6146009, 45, 0]
331 25
[0, 17, 65536, 6146009, 45, 0]
332 18
[0, 18, 65536, 6146009, 45, 46]
333 19
[0, 19, 65536, 6146009, 45, 11776]
334 20
[0, 20, 65536, 6146009, 45, 0]
335 21
[0, 21, 65536, 6146009, 45, 0]
336 22
[0, 23, 65536, 6146009, 45, 0]
337 24
[0, 24, 65536, 6146009, 46, 0]
338 25
[0, 17, 65536, 6146009, 46, 0]
339 18
[0, 18, 65536, 6146009, 46, 47]
340 19
[0, 19, 65536, 6146009, 46, 12032]
341 20
[0, 20, 65536, 6146009, 46, 0]
342 21
[0, 21, 65536, 6146009, 46, 0]
343 22
[0, 23, 65536, 6146009, 46, 0]
344 24
[0, 24, 65536, 6146009, 47, 0]
345 25
[0, 17, 65536, 6146009, 47, 0]
346 18
[0, 18, 65536, 6146009, 47, 48]
347 19
[0, 19, 65536, 6146009, 47, 12288]
348 20
[0, 20, 65536, 6146009, 47, 0]
349 21
[0, 21, 65536, 6146009, 47, 0]
350 22
[0, 23, 65536, 6146009, 47, 0]
351 24
[0, 24, 65536, 6146009, 48, 0]
352 25
[0, 17, 65536, 6146009, 48, 0]
353 18
[0, 18, 65536, 6146009, 48, 49]
354 19
[0, 19, 65536, 6146009, 48, 12544]
355 20
[0, 20, 65536, 6146009, 48, 0]
356 21
[0, 21, 65536, 6146009, 48, 0]
357 22
[0, 23, 65536, 6146009, 48, 0]
358 24
[0, 24, 65536, 6146009, 49, 0]
359 25
[0, 17, 65536, 6146009, 49, 0]
360 18
[0, 18, 65536, 6146009, 49, 50]
361 19
[0, 19, 65536, 6146009, 49, 12800]
362 20
[0, 20, 65536, 6146009, 49, 0]
363 21
[0, 21, 65536, 6146009, 49, 0]
364 22
[0, 23, 65536, 6146009, 49, 0]
365 24
[0, 24, 65536, 6146009, 50, 0]
366 25
[0, 17, 65536, 6146009, 50, 0]
367 18
[0, 18, 65536, 6146009, 50, 51]
368 19
[0, 19, 65536, 6146009, 50, 13056]
369 20
[0, 20, 65536, 6146009, 50, 0]
370 21
[0, 21, 65536, 6146009, 50, 0]
371 22
[0, 23, 65536, 6146009, 50, 0]
372 24
[0, 24, 65536, 6146009, 51, 0]
373 25
[0, 17, 65536, 6146009, 51, 0]
374 18
[0, 18, 65536, 6146009, 51, 52]
375 19
[0, 19, 65536, 6146009, 51, 13312]
376 20
[0, 20, 65536, 6146009, 51, 0]
377 21
[0, 21, 65536, 6146009, 51, 0]
378 22
[0, 23, 65536, 6146009, 51, 0]
379 24
[0, 24, 65536, 6146009, 52, 0]
380 25
[0, 17, 65536, 6146009, 52, 0]
381 18
[0, 18, 65536, 6146009, 52, 53]
382 19
[0, 19, 65536, 6146009, 52, 13568]
383 20
[0, 20, 65536, 6146009, 52, 0]
384 21
[0, 21, 65536, 6146009, 52, 0]
385 22
[0, 23, 65536, 6146009, 52, 0]
386 24
[0, 24, 65536, 6146009, 53, 0]
387 25
[0, 17, 65536, 6146009, 53, 0]
388 18
[0, 18, 65536, 6146009, 53, 54]
389 19
[0, 19, 65536, 6146009, 53, 13824]
390 20
[0, 20, 65536, 6146009, 53, 0]
391 21
[0, 21, 65536, 6146009, 53, 0]
392 22
[0, 23, 65536, 6146009, 53, 0]
393 24
[0, 24, 65536, 6146009, 54, 0]
394 25
[0, 17, 65536, 6146009, 54, 0]
395 18
[0, 18, 65536, 6146009, 54, 55]
396 19
[0, 19, 65536, 6146009, 54, 14080]
397 20
[0, 20, 65536, 6146009, 54, 0]
398 21
[0, 21, 65536, 6146009, 54, 0]
399 22
[0, 23, 65536, 6146009, 54, 0]
400 24
[0, 24, 65536, 6146009, 55, 0]
401 25
[0, 17, 65536, 6146009, 55, 0]
402 18
[0, 18, 65536, 6146009, 55, 56]
403 19
[0, 19, 65536, 6146009, 55, 14336]
404 20
[0, 20, 65536, 6146009, 55, 0]
405 21
[0, 21, 65536, 6146009, 55, 0]
406 22
[0, 23, 65536, 6146009, 55, 0]
407 24
[0, 24, 65536, 6146009, 56, 0]
408 25
[0, 17, 65536, 6146009, 56, 0]
409 18
[0, 18, 65536, 6146009, 56, 57]
410 19
[0, 19, 65536, 6146009, 56, 14592]
411 20
[0, 20, 65536, 6146009, 56, 0]
412 21
[0, 21, 65536, 6146009, 56, 0]
413 22
[0, 23, 65536, 6146009, 56, 0]
414 24
[0, 24, 65536, 6146009, 57, 0]
415 25
[0, 17, 65536, 6146009, 57, 0]
416 18
[0, 18, 65536, 6146009, 57, 58]
417 19
[0, 19, 65536, 6146009, 57, 14848]
418 20
[0, 20, 65536, 6146009, 57, 0]
419 21
[0, 21, 65536, 6146009, 57, 0]
420 22
[0, 23, 65536, 6146009, 57, 0]
421 24
[0, 24, 65536, 6146009, 58, 0]
422 25
[0, 17, 65536, 6146009, 58, 0]
423 18
[0, 18, 65536, 6146009, 58, 59]
424 19
[0, 19, 65536, 6146009, 58, 15104]
425 20
[0, 20, 65536, 6146009, 58, 0]
426 21
[0, 21, 65536, 6146009, 58, 0]
427 22
[0, 23, 65536, 6146009, 58, 0]
428 24
[0, 24, 65536, 6146009, 59, 0]
429 25
[0, 17, 65536, 6146009, 59, 0]
430 18
[0, 18, 65536, 6146009, 59, 60]
431 19
[0, 19, 65536, 6146009, 59, 15360]
432 20
[0, 20, 65536, 6146009, 59, 0]
433 21
[0, 21, 65536, 6146009, 59, 0]
434 22
[0, 23, 65536, 6146009, 59, 0]
435 24
[0, 24, 65536, 6146009, 60, 0]
436 25
[0, 17, 65536, 6146009, 60, 0]
437 18
[0, 18, 65536, 6146009, 60, 61]
438 19
[0, 19, 65536, 6146009, 60, 15616]
439 20
[0, 20, 65536, 6146009, 60, 0]
440 21
[0, 21, 65536, 6146009, 60, 0]
441 22
[0, 23, 65536, 6146009, 60, 0]
442 24
[0, 24, 65536, 6146009, 61, 0]
443 25
[0, 17, 65536, 6146009, 61, 0]
444 18
[0, 18, 65536, 6146009, 61, 62]
445 19
[0, 19, 65536, 6146009, 61, 15872]
446 20
[0, 20, 65536, 6146009, 61, 0]
447 21
[0, 21, 65536, 6146009, 61, 0]
448 22
[0, 23, 65536, 6146009, 61, 0]
449 24
[0, 24, 65536, 6146009, 62, 0]
450 25
[0, 17, 65536, 6146009, 62, 0]
451 18
[0, 18, 65536, 6146009, 62, 63]
452 19
[0, 19, 65536, 6146009, 62, 16128]
453 20
[0, 20, 65536, 6146009, 62, 0]
454 21
[0, 21, 65536, 6146009, 62, 0]
455 22
[0, 23, 65536, 6146009, 62, 0]
456 24
[0, 24, 65536, 6146009, 63, 0]
457 25
[0, 17, 65536, 6146009, 63, 0]
458 18
[0, 18, 65536, 6146009, 63, 64]
459 19
[0, 19, 65536, 6146009, 63, 16384]
460 20
[0, 20, 65536, 6146009, 63, 0]
461 21
[0, 21, 65536, 6146009, 63, 0]
462 22
[0, 23, 65536, 6146009, 63, 0]
463 24
[0, 24, 65536, 6146009, 64, 0]
464 25
[0, 17, 65536, 6146009, 64, 0]
465 18
[0, 18, 65536, 6146009, 64, 65]
466 19
[0, 19, 65536, 6146009, 64, 16640]
467 20
[0, 20, 65536, 6146009, 64, 0]
468 21
[0, 21, 65536, 6146009, 64, 0]
469 22
[0, 23, 65536, 6146009, 64, 0]
470 24
[0, 24, 65536, 6146009, 65, 0]
471 25
[0, 17, 65536, 6146009, 65, 0]
472 18
[0, 18, 65536, 6146009, 65, 66]
473 19
[0, 19, 65536, 6146009, 65, 16896]
474 20
[0, 20, 65536, 6146009, 65, 0]
475 21
[0, 21, 65536, 6146009, 65, 0]
476 22
[0, 23, 65536, 6146009, 65, 0]
477 24
[0, 24, 65536, 6146009, 66, 0]
478 25
[0, 17, 65536, 6146009, 66, 0]
479 18
[0, 18, 65536, 6146009, 66, 67]
480 19
[0, 19, 65536, 6146009, 66, 17152]
481 20
[0, 20, 65536, 6146009, 66, 0]
482 21
[0, 21, 65536, 6146009, 66, 0]
483 22
[0, 23, 65536, 6146009, 66, 0]
484 24
[0, 24, 65536, 6146009, 67, 0]
485 25
[0, 17, 65536, 6146009, 67, 0]
486 18
[0, 18, 65536, 6146009, 67, 68]
487 19
[0, 19, 65536, 6146009, 67, 17408]
488 20
[0, 20, 65536, 6146009, 67, 0]
489 21
[0, 21, 65536, 6146009, 67, 0]
490 22
[0, 23, 65536, 6146009, 67, 0]
491 24
[0, 24, 65536, 6146009, 68, 0]
492 25
[0, 17, 65536, 6146009, 68, 0]
493 18
[0, 18, 65536, 6146009, 68, 69]
494 19
[0, 19, 65536, 6146009, 68, 17664]
495 20
[0, 20, 65536, 6146009, 68, 0]
496 21
[0, 21, 65536, 6146009, 68, 0]
497 22
[0, 23, 65536, 6146009, 68, 0]
498 24
[0, 24, 65536, 6146009, 69, 0]
499 25
[0, 17, 65536, 6146009, 69, 0]
500 18
[0, 18, 65536, 6146009, 69, 70]
501 19
[0, 19, 65536, 6146009, 69, 17920]
502 20
[0, 20, 65536, 6146009, 69, 0]
503 21
[0, 21, 65536, 6146009, 69, 0]
504 22
[0, 23, 65536, 6146009, 69, 0]
505 24
[0, 24, 65536, 6146009, 70, 0]
506 25
[0, 17, 65536, 6146009, 70, 0]
507 18
[0, 18, 65536, 6146009, 70, 71]
508 19
[0, 19, 65536, 6146009, 70, 18176]
509 20
[0, 20, 65536, 6146009, 70, 0]
510 21
[0, 21, 65536, 6146009, 70, 0]
511 22
[0, 23, 65536, 6146009, 70, 0]
512 24
[0, 24, 65536, 6146009, 71, 0]
513 25
[0, 17, 65536, 6146009, 71, 0]
514 18
[0, 18, 65536, 6146009, 71, 72]
515 19
[0, 19, 65536, 6146009, 71, 18432]
516 20
[0, 20, 65536, 6146009, 71, 0]
517 21
[0, 21, 65536, 6146009, 71, 0]
518 22
[0, 23, 65536, 6146009, 71, 0]
519 24
[0, 24, 65536, 6146009, 72, 0]
520 25
[0, 17, 65536, 6146009, 72, 0]
521 18
[0, 18, 65536, 6146009, 72, 73]
522 19
[0, 19, 65536, 6146009, 72, 18688]
523 20
[0, 20, 65536, 6146009, 72, 0]
524 21
[0, 21, 65536, 6146009, 72, 0]
525 22
[0, 23, 65536, 6146009, 72, 0]
526 24
[0, 24, 65536, 6146009, 73, 0]
527 25
[0, 17, 65536, 6146009, 73, 0]
528 18
[0, 18, 65536, 6146009, 73, 74]
529 19
[0, 19, 65536, 6146009, 73, 18944]
530 20
[0, 20, 65536, 6146009, 73, 0]
531 21
[0, 21, 65536, 6146009, 73, 0]
532 22
[0, 23, 65536, 6146009, 73, 0]
533 24
[0, 24, 65536, 6146009, 74, 0]
534 25
[0, 17, 65536, 6146009, 74, 0]
535 18
[0, 18, 65536, 6146009, 74, 75]
536 19
[0, 19, 65536, 6146009, 74, 19200]
537 20
[0, 20, 65536, 6146009, 74, 0]
538 21
[0, 21, 65536, 6146009, 74, 0]
539 22
[0, 23, 65536, 6146009, 74, 0]
540 24
[0, 24, 65536, 6146009, 75, 0]
541 25
[0, 17, 65536, 6146009, 75, 0]
542 18
[0, 18, 65536, 6146009, 75, 76]
543 19
[0, 19, 65536, 6146009, 75, 19456]
544 20
[0, 20, 65536, 6146009, 75, 0]
545 21
[0, 21, 65536, 6146009, 75, 0]
546 22
[0, 23, 65536, 6146009, 75, 0]
547 24
[0, 24, 65536, 6146009, 76, 0]
548 25
[0, 17, 65536, 6146009, 76, 0]
549 18
[0, 18, 65536, 6146009, 76, 77]
550 19
[0, 19, 65536, 6146009, 76, 19712]
551 20
[0, 20, 65536, 6146009, 76, 0]
552 21
[0, 21, 65536, 6146009, 76, 0]
553 22
[0, 23, 65536, 6146009, 76, 0]
554 24
[0, 24, 65536, 6146009, 77, 0]
555 25
[0, 17, 65536, 6146009, 77, 0]
556 18
[0, 18, 65536, 6146009, 77, 78]
557 19
[0, 19, 65536, 6146009, 77, 19968]
558 20
[0, 20, 65536, 6146009, 77, 0]
559 21
[0, 21, 65536, 6146009, 77, 0]
560 22
[0, 23, 65536, 6146009, 77, 0]
561 24
[0, 24, 65536, 6146009, 78, 0]
562 25
[0, 17, 65536, 6146009, 78, 0]
563 18
[0, 18, 65536, 6146009, 78, 79]
564 19
[0, 19, 65536, 6146009, 78, 20224]
565 20
[0, 20, 65536, 6146009, 78, 0]
566 21
[0, 21, 65536, 6146009, 78, 0]
567 22
[0, 23, 65536, 6146009, 78, 0]
568 24
[0, 24, 65536, 6146009, 79, 0]
569 25
[0, 17, 65536, 6146009, 79, 0]
570 18
[0, 18, 65536, 6146009, 79, 80]
571 19
[0, 19, 65536, 6146009, 79, 20480]
572 20
[0, 20, 65536, 6146009, 79, 0]
573 21
[0, 21, 65536, 6146009, 79, 0]
574 22
[0, 23, 65536, 6146009, 79, 0]
575 24
[0, 24, 65536, 6146009, 80, 0]
576 25
[0, 17, 65536, 6146009, 80, 0]
577 18
[0, 18, 65536, 6146009, 80, 81]
578 19
[0, 19, 65536, 6146009, 80, 20736]
579 20
[0, 20, 65536, 6146009, 80, 0]
580 21
[0, 21, 65536, 6146009, 80, 0]
581 22
[0, 23, 65536, 6146009, 80, 0]
582 24
[0, 24, 65536, 6146009, 81, 0]
583 25
[0, 17, 65536, 6146009, 81, 0]
584 18
[0, 18, 65536, 6146009, 81, 82]
585 19
[0, 19, 65536, 6146009, 81, 20992]
586 20
[0, 20, 65536, 6146009, 81, 0]
587 21
[0, 21, 65536, 6146009, 81, 0]
588 22
[0, 23, 65536, 6146009, 81, 0]
589 24
[0, 24, 65536, 6146009, 82, 0]
590 25
[0, 17, 65536, 6146009, 82, 0]
591 18
[0, 18, 65536, 6146009, 82, 83]
592 19
[0, 19, 65536, 6146009, 82, 21248]
593 20
[0, 20, 65536, 6146009, 82, 0]
594 21
[0, 21, 65536, 6146009, 82, 0]
595 22
[0, 23, 65536, 6146009, 82, 0]
596 24
[0, 24, 65536, 6146009, 83, 0]
597 25
[0, 17, 65536, 6146009, 83, 0]
598 18
[0, 18, 65536, 6146009, 83, 84]
599 19
[0, 19, 65536, 6146009, 83, 21504]
600 20
[0, 20, 65536, 6146009, 83, 0]
601 21
[0, 21, 65536, 6146009, 83, 0]
602 22
[0, 23, 65536, 6146009, 83, 0]
603 24
[0, 24, 65536, 6146009, 84, 0]
604 25
[0, 17, 65536, 6146009, 84, 0]
605 18
[0, 18, 65536, 6146009, 84, 85]
606 19
[0, 19, 65536, 6146009, 84, 21760]
607 20
[0, 20, 65536, 6146009, 84, 0]
608 21
[0, 21, 65536, 6146009, 84, 0]
609 22
[0, 23, 65536, 6146009, 84, 0]
610 24
[0, 24, 65536, 6146009, 85, 0]
611 25
[0, 17, 65536, 6146009, 85, 0]
612 18
[0, 18, 65536, 6146009, 85, 86]
613 19
[0, 19, 65536, 6146009, 85, 22016]
614 20
[0, 20, 65536, 6146009, 85, 0]
615 21
[0, 21, 65536, 6146009, 85, 0]
616 22
[0, 23, 65536, 6146009, 85, 0]
617 24
[0, 24, 65536, 6146009, 86, 0]
618 25
[0, 17, 65536, 6146009, 86, 0]
619 18
[0, 18, 65536, 6146009, 86, 87]
620 19
[0, 19, 65536, 6146009, 86, 22272]
621 20
[0, 20, 65536, 6146009, 86, 0]
622 21
[0, 21, 65536, 6146009, 86, 0]
623 22
[0, 23, 65536, 6146009, 86, 0]
624 24
[0, 24, 65536, 6146009, 87, 0]
625 25
[0, 17, 65536, 6146009, 87, 0]
626 18
[0, 18, 65536, 6146009, 87, 88]
627 19
[0, 19, 65536, 6146009, 87, 22528]
628 20
[0, 20, 65536, 6146009, 87, 0]
629 21
[0, 21, 65536, 6146009, 87, 0]
630 22
[0, 23, 65536, 6146009, 87, 0]
631 24
[0, 24, 65536, 6146009, 88, 0]
632 25
[0, 17, 65536, 6146009, 88, 0]
633 18
[0, 18, 65536, 6146009, 88, 89]
634 19
[0, 19, 65536, 6146009, 88, 22784]
635 20
[0, 20, 65536, 6146009, 88, 0]
636 21
[0, 21, 65536, 6146009, 88, 0]
637 22
[0, 23, 65536, 6146009, 88, 0]
638 24
[0, 24, 65536, 6146009, 89, 0]
639 25
[0, 17, 65536, 6146009, 89, 0]
640 18
[0, 18, 65536, 6146009, 89, 90]
641 19
[0, 19, 65536, 6146009, 89, 23040]
642 20
[0, 20, 65536, 6146009, 89, 0]
643 21
[0, 21, 65536, 6146009, 89, 0]
644 22
[0, 23, 65536, 6146009, 89, 0]
645 24
[0, 24, 65536, 6146009, 90, 0]
646 25
[0, 17, 65536, 6146009, 90, 0]
647 18
[0, 18, 65536, 6146009, 90, 91]
648 19
[0, 19, 65536, 6146009, 90, 23296]
649 20
[0, 20, 65536, 6146009, 90, 0]
650 21
[0, 21, 65536, 6146009, 90, 0]
651 22
[0, 23, 65536, 6146009, 90, 0]
652 24
[0, 24, 65536, 6146009, 91, 0]
653 25
[0, 17, 65536, 6146009, 91, 0]
654 18
[0, 18, 65536, 6146009, 91, 92]
655 19
[0, 19, 65536, 6146009, 91, 23552]
656 20
[0, 20, 65536, 6146009, 91, 0]
657 21
[0, 21, 65536, 6146009, 91, 0]
658 22
[0, 23, 65536, 6146009, 91, 0]
659 24
[0, 24, 65536, 6146009, 92, 0]
660 25
[0, 17, 65536, 6146009, 92, 0]
661 18
[0, 18, 65536, 6146009, 92, 93]
662 19
[0, 19, 65536, 6146009, 92, 23808]
663 20
[0, 20, 65536, 6146009, 92, 0]
664 21
[0, 21, 65536, 6146009, 92, 0]
665 22
[0, 23, 65536, 6146009, 92, 0]
666 24
[0, 24, 65536, 6146009, 93, 0]
667 25
[0, 17, 65536, 6146009, 93, 0]
668 18
[0, 18, 65536, 6146009, 93, 94]
669 19
[0, 19, 65536, 6146009, 93, 24064]
670 20
[0, 20, 65536, 6146009, 93, 0]
671 21
[0, 21, 65536, 6146009, 93, 0]
672 22
[0, 23, 65536, 6146009, 93, 0]
673 24
[0, 24, 65536, 6146009, 94, 0]
674 25
[0, 17, 65536, 6146009, 94, 0]
675 18
[0, 18, 65536, 6146009, 94, 95]
676 19
[0, 19, 65536, 6146009, 94, 24320]
677 20
[0, 20, 65536, 6146009, 94, 0]
678 21
[0, 21, 65536, 6146009, 94, 0]
679 22
[0, 23, 65536, 6146009, 94, 0]
680 24
[0, 24, 65536, 6146009, 95, 0]
681 25
[0, 17, 65536, 6146009, 95, 0]
682 18
[0, 18, 65536, 6146009, 95, 96]
683 19
[0, 19, 65536, 6146009, 95, 24576]
684 20
[0, 20, 65536, 6146009, 95, 0]
685 21
[0, 21, 65536, 6146009, 95, 0]
686 22
[0, 23, 65536, 6146009, 95, 0]
687 24
[0, 24, 65536, 6146009, 96, 0]
688 25
[0, 17, 65536, 6146009, 96, 0]
689 18
[0, 18, 65536, 6146009, 96, 97]
690 19
[0, 19, 65536, 6146009, 96, 24832]
691 20
[0, 20, 65536, 6146009, 96, 0]
692 21
[0, 21, 65536, 6146009, 96, 0]
693 22
[0, 23, 65536, 6146009, 96, 0]
694 24
[0, 24, 65536, 6146009, 97, 0]
695 25
[0, 17, 65536, 6146009, 97, 0]
696 18
[0, 18, 65536, 6146009, 97, 98]
697 19
[0, 19, 65536, 6146009, 97, 25088]
698 20
[0, 20, 65536, 6146009, 97, 0]
699 21
[0, 21, 65536, 6146009, 97, 0]
700 22
[0, 23, 65536, 6146009, 97, 0]
701 24
[0, 24, 65536, 6146009, 98, 0]
702 25
[0, 17, 65536, 6146009, 98, 0]
703 18
[0, 18, 65536, 6146009, 98, 99]
704 19
[0, 19, 65536, 6146009, 98, 25344]
705 20
[0, 20, 65536, 6146009, 98, 0]
706 21
[0, 21, 65536, 6146009, 98, 0]
707 22
[0, 23, 65536, 6146009, 98, 0]
708 24
[0, 24, 65536, 6146009, 99, 0]
709 25
[0, 17, 65536, 6146009, 99, 0]
710 18
[0, 18, 65536, 6146009, 99, 100]
711 19
[0, 19, 65536, 6146009, 99, 25600]
712 20
[0, 20, 65536, 6146009, 99, 0]
713 21
[0, 21, 65536, 6146009, 99, 0]
714 22
[0, 23, 65536, 6146009, 99, 0]
715 24
[0, 24, 65536, 6146009, 100, 0]
716 25
[0, 17, 65536, 6146009, 100, 0]
717 18
[0, 18, 65536, 6146009, 100, 101]
718 19
[0, 19, 65536, 6146009, 100, 25856]
719 20
[0, 20, 65536, 6146009, 100, 0]
720 21
[0, 21, 65536, 6146009, 100, 0]
721 22
[0, 23, 65536, 6146009, 100, 0]
722 24
[0, 24, 65536, 6146009, 101, 0]
723 25
[0, 17, 65536, 6146009, 101, 0]
724 18
[0, 18, 65536, 6146009, 101, 102]
725 19
[0, 19, 65536, 6146009, 101, 26112]
726 20
[0, 20, 65536, 6146009, 101, 0]
727 21
[0, 21, 65536, 6146009, 101, 0]
728 22
[0, 23, 65536, 6146009, 101, 0]
729 24
[0, 24, 65536, 6146009, 102, 0]
730 25
[0, 17, 65536, 6146009, 102, 0]
731 18
[0, 18, 65536, 6146009, 102, 103]
732 19
[0, 19, 65536, 6146009, 102, 26368]
733 20
[0, 20, 65536, 6146009, 102, 0]
734 21
[0, 21, 65536, 6146009, 102, 0]
735 22
[0, 23, 65536, 6146009, 102, 0]
736 24
[0, 24, 65536, 6146009, 103, 0]
737 25
[0, 17, 65536, 6146009, 103, 0]
738 18
[0, 18, 65536, 6146009, 103, 104]
739 19
[0, 19, 65536, 6146009, 103, 26624]
740 20
[0, 20, 65536, 6146009, 103, 0]
741 21
[0, 21, 65536, 6146009, 103, 0]
742 22
[0, 23, 65536, 6146009, 103, 0]
743 24
[0, 24, 65536, 6146009, 104, 0]
744 25
[0, 17, 65536, 6146009, 104, 0]
745 18
[0, 18, 65536, 6146009, 104, 105]
746 19
[0, 19, 65536, 6146009, 104, 26880]
747 20
[0, 20, 65536, 6146009, 104, 0]
748 21
[0, 21, 65536, 6146009, 104, 0]
749 22
[0, 23, 65536, 6146009, 104, 0]
750 24
[0, 24, 65536, 6146009, 105, 0]
751 25
[0, 17, 65536, 6146009, 105, 0]
752 18
[0, 18, 65536, 6146009, 105, 106]
753 19
[0, 19, 65536, 6146009, 105, 27136]
754 20
[0, 20, 65536, 6146009, 105, 0]
755 21
[0, 21, 65536, 6146009, 105, 0]
756 22
[0, 23, 65536, 6146009, 105, 0]
757 24
[0, 24, 65536, 6146009, 106, 0]
758 25
[0, 17, 65536, 6146009, 106, 0]
759 18
[0, 18, 65536, 6146009, 106, 107]
760 19
[0, 19, 65536, 6146009, 106, 27392]
761 20
[0, 20, 65536, 6146009, 106, 0]
762 21
[0, 21, 65536, 6146009, 106, 0]
763 22
[0, 23, 65536, 6146009, 106, 0]
764 24
[0, 24, 65536, 6146009, 107, 0]
765 25
[0, 17, 65536, 6146009, 107, 0]
766 18
[0, 18, 65536, 6146009, 107, 108]
767 19
[0, 19, 65536, 6146009, 107, 27648]
768 20
[0, 20, 65536, 6146009, 107, 0]
769 21
[0, 21, 65536, 6146009, 107, 0]
770 22
[0, 23, 65536, 6146009, 107, 0]
771 24
[0, 24, 65536, 6146009, 108, 0]
772 25
[0, 17, 65536, 6146009, 108, 0]
773 18
[0, 18, 65536, 6146009, 108, 109]
774 19
[0, 19, 65536, 6146009, 108, 27904]
775 20
[0, 20, 65536, 6146009, 108, 0]
776 21
[0, 21, 65536, 6146009, 108, 0]
777 22
[0, 23, 65536, 6146009, 108, 0]
778 24
[0, 24, 65536, 6146009, 109, 0]
779 25
[0, 17, 65536, 6146009, 109, 0]
780 18
[0, 18, 65536, 6146009, 109, 110]
781 19
[0, 19, 65536, 6146009, 109, 28160]
782 20
[0, 20, 65536, 6146009, 109, 0]
783 21
[0, 21, 65536, 6146009, 109, 0]
784 22
[0, 23, 65536, 6146009, 109, 0]
785 24
[0, 24, 65536, 6146009, 110, 0]
786 25
[0, 17, 65536, 6146009, 110, 0]
787 18
[0, 18, 65536, 6146009, 110, 111]
788 19
[0, 19, 65536, 6146009, 110, 28416]
789 20
[0, 20, 65536, 6146009, 110, 0]
790 21
[0, 21, 65536, 6146009, 110, 0]
791 22
[0, 23, 65536, 6146009, 110, 0]
792 24
[0, 24, 65536, 6146009, 111, 0]
793 25
[0, 17, 65536, 6146009, 111, 0]
794 18
[0, 18, 65536, 6146009, 111, 112]
795 19
[0, 19, 65536, 6146009, 111, 28672]
796 20
[0, 20, 65536, 6146009, 111, 0]
797 21
[0, 21, 65536, 6146009, 111, 0]
798 22
[0, 23, 65536, 6146009, 111, 0]
799 24
[0, 24, 65536, 6146009, 112, 0]
800 25
[0, 17, 65536, 6146009, 112, 0]
801 18
[0, 18, 65536, 6146009, 112, 113]
802 19
[0, 19, 65536, 6146009, 112, 28928]
803 20
[0, 20, 65536, 6146009, 112, 0]
804 21
[0, 21, 65536, 6146009, 112, 0]
805 22
[0, 23, 65536, 6146009, 112, 0]
806 24
[0, 24, 65536, 6146009, 113, 0]
807 25
[0, 17, 65536, 6146009, 113, 0]
808 18
[0, 18, 65536, 6146009, 113, 114]
809 19
[0, 19, 65536, 6146009, 113, 29184]
810 20
[0, 20, 65536, 6146009, 113, 0]
811 21
[0, 21, 65536, 6146009, 113, 0]
812 22
[0, 23, 65536, 6146009, 113, 0]
813 24
[0, 24, 65536, 6146009, 114, 0]
814 25
[0, 17, 65536, 6146009, 114, 0]
815 18
[0, 18, 65536, 6146009, 114, 115]
816 19
[0, 19, 65536, 6146009, 114, 29440]
817 20
[0, 20, 65536, 6146009, 114, 0]
818 21
[0, 21, 65536, 6146009, 114, 0]
819 22
[0, 23, 65536, 6146009, 114, 0]
820 24
[0, 24, 65536, 6146009, 115, 0]
821 25
[0, 17, 65536, 6146009, 115, 0]
822 18
[0, 18, 65536, 6146009, 115, 116]
823 19
[0, 19, 65536, 6146009, 115, 29696]
824 20
[0, 20, 65536, 6146009, 115, 0]
825 21
[0, 21, 65536, 6146009, 115, 0]
826 22
[0, 23, 65536, 6146009, 115, 0]
827 24
[0, 24, 65536, 6146009, 116, 0]
828 25
[0, 17, 65536, 6146009, 116, 0]
829 18
[0, 18, 65536, 6146009, 116, 117]
830 19
[0, 19, 65536, 6146009, 116, 29952]
831 20
[0, 20, 65536, 6146009, 116, 0]
832 21
[0, 21, 65536, 6146009, 116, 0]
833 22
[0, 23, 65536, 6146009, 116, 0]
834 24
[0, 24, 65536, 6146009, 117, 0]
835 25
[0, 17, 65536, 6146009, 117, 0]
836 18
[0, 18, 65536, 6146009, 117, 118]
837 19
[0, 19, 65536, 6146009, 117, 30208]
838 20
[0, 20, 65536, 6146009, 117, 0]
839 21
[0, 21, 65536, 6146009, 117, 0]
840 22
[0, 23, 65536, 6146009, 117, 0]
841 24
[0, 24, 65536, 6146009, 118, 0]
842 25
[0, 17, 65536, 6146009, 118, 0]
843 18
[0, 18, 65536, 6146009, 118, 119]
844 19
[0, 19, 65536, 6146009, 118, 30464]
845 20
[0, 20, 65536, 6146009, 118, 0]
846 21
[0, 21, 65536, 6146009, 118, 0]
847 22
[0, 23, 65536, 6146009, 118, 0]
848 24
[0, 24, 65536, 6146009, 119, 0]
849 25
[0, 17, 65536, 6146009, 119, 0]
850 18
[0, 18, 65536, 6146009, 119, 120]
851 19
[0, 19, 65536, 6146009, 119, 30720]
852 20
[0, 20, 65536, 6146009, 119, 0]
853 21
[0, 21, 65536, 6146009, 119, 0]
854 22
[0, 23, 65536, 6146009, 119, 0]
855 24
[0, 24, 65536, 6146009, 120, 0]
856 25
[0, 17, 65536, 6146009, 120, 0]
857 18
[0, 18, 65536, 6146009, 120, 121]
858 19
[0, 19, 65536, 6146009, 120, 30976]
859 20
[0, 20, 65536, 6146009, 120, 0]
860 21
[0, 21, 65536, 6146009, 120, 0]
861 22
[0, 23, 65536, 6146009, 120, 0]
862 24
[0, 24, 65536, 6146009, 121, 0]
863 25
[0, 17, 65536, 6146009, 121, 0]
864 18
[0, 18, 65536, 6146009, 121, 122]
865 19
[0, 19, 65536, 6146009, 121, 31232]
866 20
[0, 20, 65536, 6146009, 121, 0]
867 21
[0, 21, 65536, 6146009, 121, 0]
868 22
[0, 23, 65536, 6146009, 121, 0]
869 24
[0, 24, 65536, 6146009, 122, 0]
870 25
[0, 17, 65536, 6146009, 122, 0]
871 18
[0, 18, 65536, 6146009, 122, 123]
872 19
[0, 19, 65536, 6146009, 122, 31488]
873 20
[0, 20, 65536, 6146009, 122, 0]
874 21
[0, 21, 65536, 6146009, 122, 0]
875 22
[0, 23, 65536, 6146009, 122, 0]
876 24
[0, 24, 65536, 6146009, 123, 0]
877 25
[0, 17, 65536, 6146009, 123, 0]
878 18
[0, 18, 65536, 6146009, 123, 124]
879 19
[0, 19, 65536, 6146009, 123, 31744]
880 20
[0, 20, 65536, 6146009, 123, 0]
881 21
[0, 21, 65536, 6146009, 123, 0]
882 22
[0, 23, 65536, 6146009, 123, 0]
883 24
[0, 24, 65536, 6146009, 124, 0]
884 25
[0, 17, 65536, 6146009, 124, 0]
885 18
[0, 18, 65536, 6146009, 124, 125]
886 19
[0, 19, 65536, 6146009, 124, 32000]
887 20
[0, 20, 65536, 6146009, 124, 0]
888 21
[0, 21, 65536, 6146009, 124, 0]
889 22
[0, 23, 65536, 6146009, 124, 0]
890 24
[0, 24, 65536, 6146009, 125, 0]
891 25
[0, 17, 65536, 6146009, 125, 0]
892 18
[0, 18, 65536, 6146009, 125, 126]
893 19
[0, 19, 65536, 6146009, 125, 32256]
894 20
[0, 20, 65536, 6146009, 125, 0]
895 21
[0, 21, 65536, 6146009, 125, 0]
896 22
[0, 23, 65536, 6146009, 125, 0]
897 24
[0, 24, 65536, 6146009, 126, 0]
898 25
[0, 17, 65536, 6146009, 126, 0]
899 18
[0, 18, 65536, 6146009, 126, 127]
900 19
[0, 19, 65536, 6146009, 126, 32512]
901 20
[0, 20, 65536, 6146009, 126, 0]
902 21
[0, 21, 65536, 6146009, 126, 0]
903 22
[0, 23, 65536, 6146009, 126, 0]
904 24
[0, 24, 65536, 6146009, 127, 0]
905 25
[0, 17, 65536, 6146009, 127, 0]
906 18
[0, 18, 65536, 6146009, 127, 128]
907 19
[0, 19, 65536, 6146009, 127, 32768]
908 20
[0, 20, 65536, 6146009, 127, 0]
909 21
[0, 21, 65536, 6146009, 127, 0]
910 22
[0, 23, 65536, 6146009, 127, 0]
911 24
[0, 24, 65536, 6146009, 128, 0]
912 25
[0, 17, 65536, 6146009, 128, 0]
913 18
[0, 18, 65536, 6146009, 128, 129]
914 19
[0, 19, 65536, 6146009, 128, 33024]
915 20
[0, 20, 65536, 6146009, 128, 0]
916 21
[0, 21, 65536, 6146009, 128, 0]
917 22
[0, 23, 65536, 6146009, 128, 0]
918 24
[0, 24, 65536, 6146009, 129, 0]
919 25
[0, 17, 65536, 6146009, 129, 0]
920 18
[0, 18, 65536, 6146009, 129, 130]
921 19
[0, 19, 65536, 6146009, 129, 33280]
922 20
[0, 20, 65536, 6146009, 129, 0]
923 21
[0, 21, 65536, 6146009, 129, 0]
924 22
[0, 23, 65536, 6146009, 129, 0]
925 24
[0, 24, 65536, 6146009, 130, 0]
926 25
[0, 17, 65536, 6146009, 130, 0]
927 18
[0, 18, 65536, 6146009, 130, 131]
928 19
[0, 19, 65536, 6146009, 130, 33536]
929 20
[0, 20, 65536, 6146009, 130, 0]
930 21
[0, 21, 65536, 6146009, 130, 0]
931 22
[0, 23, 65536, 6146009, 130, 0]
932 24
[0, 24, 65536, 6146009, 131, 0]
933 25
[0, 17, 65536, 6146009, 131, 0]
934 18
[0, 18, 65536, 6146009, 131, 132]
935 19
[0, 19, 65536, 6146009, 131, 33792]
936 20
[0, 20, 65536, 6146009, 131, 0]
937 21
[0, 21, 65536, 6146009, 131, 0]
938 22
[0, 23, 65536, 6146009, 131, 0]
939 24
[0, 24, 65536, 6146009, 132, 0]
940 25
[0, 17, 65536, 6146009, 132, 0]
941 18
[0, 18, 65536, 6146009, 132, 133]
942 19
[0, 19, 65536, 6146009, 132, 34048]
943 20
[0, 20, 65536, 6146009, 132, 0]
944 21
[0, 21, 65536, 6146009, 132, 0]
945 22
[0, 23, 65536, 6146009, 132, 0]
946 24
[0, 24, 65536, 6146009, 133, 0]
947 25
[0, 17, 65536, 6146009, 133, 0]
948 18
[0, 18, 65536, 6146009, 133, 134]
949 19
[0, 19, 65536, 6146009, 133, 34304]
950 20
[0, 20, 65536, 6146009, 133, 0]
951 21
[0, 21, 65536, 6146009, 133, 0]
952 22
[0, 23, 65536, 6146009, 133, 0]
953 24
[0, 24, 65536, 6146009, 134, 0]
954 25
[0, 17, 65536, 6146009, 134, 0]
955 18
[0, 18, 65536, 6146009, 134, 135]
956 19
[0, 19, 65536, 6146009, 134, 34560]
957 20
[0, 20, 65536, 6146009, 134, 0]
958 21
[0, 21, 65536, 6146009, 134, 0]
959 22
[0, 23, 65536, 6146009, 134, 0]
960 24
[0, 24, 65536, 6146009, 135, 0]
961 25
[0, 17, 65536, 6146009, 135, 0]
962 18
[0, 18, 65536, 6146009, 135, 136]
963 19
[0, 19, 65536, 6146009, 135, 34816]
964 20
[0, 20, 65536, 6146009, 135, 0]
965 21
[0, 21, 65536, 6146009, 135, 0]
966 22
[0, 23, 65536, 6146009, 135, 0]
967 24
[0, 24, 65536, 6146009, 136, 0]
968 25
[0, 17, 65536, 6146009, 136, 0]
969 18
[0, 18, 65536, 6146009, 136, 137]
970 19
[0, 19, 65536, 6146009, 136, 35072]
971 20
[0, 20, 65536, 6146009, 136, 0]
972 21
[0, 21, 65536, 6146009, 136, 0]
973 22
[0, 23, 65536, 6146009, 136, 0]
974 24
[0, 24, 65536, 6146009, 137, 0]
975 25
[0, 17, 65536, 6146009, 137, 0]
976 18
[0, 18, 65536, 6146009, 137, 138]
977 19
[0, 19, 65536, 6146009, 137, 35328]
978 20
[0, 20, 65536, 6146009, 137, 0]
979 21
[0, 21, 65536, 6146009, 137, 0]
980 22
[0, 23, 65536, 6146009, 137, 0]
981 24
[0, 24, 65536, 6146009, 138, 0]
982 25
[0, 17, 65536, 6146009, 138, 0]
983 18
[0, 18, 65536, 6146009, 138, 139]
984 19
[0, 19, 65536, 6146009, 138, 35584]
985 20
[0, 20, 65536, 6146009, 138, 0]
986 21
[0, 21, 65536, 6146009, 138, 0]
987 22
[0, 23, 65536, 6146009, 138, 0]
988 24
[0, 24, 65536, 6146009, 139, 0]
989 25
[0, 17, 65536, 6146009, 139, 0]
990 18
[0, 18, 65536, 6146009, 139, 140]
991 19
[0, 19, 65536, 6146009, 139, 35840]
992 20
[0, 20, 65536, 6146009, 139, 0]
993 21
[0, 21, 65536, 6146009, 139, 0]
994 22
[0, 23, 65536, 6146009, 139, 0]
995 24
[0, 24, 65536, 6146009, 140, 0]
996 25
[0, 17, 65536, 6146009, 140, 0]
997 18
[0, 18, 65536, 6146009, 140, 141]
998 19
[0, 19, 65536, 6146009, 140, 36096]
999 20
[0, 20, 65536, 6146009, 140, 0]
1000 21
[0, 21, 65536, 6146009, 140, 0]
1001 22
[0, 0, 0, 0, 0, 0]
1 0
[0, 0, 0, 123, 0, 0]
2 1
[0, 1, 0, 72, 0, 0]
3 2
[0, 2, 0, 1, 0, 0]
4 3
[0, 4, 0, 1, 0, 0]
5 5
[0, 5, 0, 0, 0, 0]
6 6
[0, 6, 65536, 0, 0, 0]
7 7
[0, 7, 65536, 1505483, 0, 0]
8 8
[0, 8, 65536, 1505483, 0, 0]
9 9
[0, 9, 65536, 1505483, 0, 0]
10 10
[0, 10, 65536, 1505483, 0, 0]
11 11
[0, 11, 65536, 99209824217, 0, 0]
12 12
[0, 12, 65536, 6146009, 0, 0]
13 13
[0, 13, 65536, 6146009, 0, 0]
14 14
[0, 14, 65536, 6146009, 0, 0]
15 15
[0, 16, 65536, 6146009, 0, 0]
16 17
[0, 17, 65536, 6146009, 0, 0]
17 18
[0, 18, 65536, 6146009, 0, 1]
18 19
[0, 19, 65536, 6146009, 0, 256]
19 20
[0, 20, 65536, 6146009, 0, 0]
20 21
[0, 21, 65536, 6146009, 0, 0]
21 22
[0, 23, 65536, 6146009, 0, 0]
22 24
[0, 24, 65536, 6146009, 1, 0]
23 25
[0, 17, 65536, 6146009, 1, 0]
24 18
[0, 18, 65536, 6146009, 1, 2]
25 19
[0, 19, 65536, 6146009, 1, 512]
26 20
[0, 20, 65536, 6146009, 1, 0]
27 21
[0, 21, 65536, 6146009, 1, 0]
28 22
[0, 23, 65536, 6146009, 1, 0]
29 24
[0, 24, 65536, 6146009, 2, 0]
30 25
[0, 17, 65536, 6146009, 2, 0]
31 18
[0, 18, 65536, 6146009, 2, 3]
32 19
[0, 19, 65536, 6146009, 2, 768]
33 20
[0, 20, 65536, 6146009, 2, 0]
34 21
[0, 21, 65536, 6146009, 2, 0]
35 22
[0, 23, 65536, 6146009, 2, 0]
36 24
[0, 24, 65536, 6146009, 3, 0]
37 25
[0, 17, 65536, 6146009, 3, 0]
38 18
[0, 18, 65536, 6146009, 3, 4]
39 19
[0, 19, 65536, 6146009, 3, 1024]
40 20
[0, 20, 65536, 6146009, 3, 0]
41 21
[0, 21, 65536, 6146009, 3, 0]
42 22
[0, 23, 65536, 6146009, 3, 0]
43 24
[0, 24, 65536, 6146009, 4, 0]
44 25
[0, 17, 65536, 6146009, 4, 0]
45 18
[0, 18, 65536, 6146009, 4, 5]
46 19
[0, 19, 65536, 6146009, 4, 1280]
47 20
[0, 20, 65536, 6146009, 4, 0]
48 21
[0, 21, 65536, 6146009, 4, 0]
49 22
[0, 23, 65536, 6146009, 4, 0]
50 24
[0, 24, 65536, 6146009, 5, 0]
51 25
[0, 17, 65536, 6146009, 5, 0]
52 18
[0, 18, 65536, 6146009, 5, 6]
53 19
[0, 19, 65536, 6146009, 5, 1536]
54 20
[0, 20, 65536, 6146009, 5, 0]
55 21
[0, 21, 65536, 6146009, 5, 0]
56 22
[0, 23, 65536, 6146009, 5, 0]
57 24
[0, 24, 65536, 6146009, 6, 0]
58 25
[0, 17, 65536, 6146009, 6, 0]
59 18
[0, 18, 65536, 6146009, 6, 7]
60 19
[0, 19, 65536, 6146009, 6, 1792]
61 20
[0, 20, 65536, 6146009, 6, 0]
62 21
[0, 21, 65536, 6146009, 6, 0]
63 22
[0, 23, 65536, 6146009, 6, 0]
64 24
[0, 24, 65536, 6146009, 7, 0]
65 25
[0, 17, 65536, 6146009, 7, 0]
66 18
[0, 18, 65536, 6146009, 7, 8]
67 19
[0, 19, 65536, 6146009, 7, 2048]
68 20
[0, 20, 65536, 6146009, 7, 0]
69 21
[0, 21, 65536, 6146009, 7, 0]
70 22
[0, 23, 65536, 6146009, 7, 0]
71 24
[0, 24, 65536, 6146009, 8, 0]
72 25
[0, 17, 65536, 6146009, 8, 0]
73 18
[0, 18, 65536, 6146009, 8, 9]
74 19
[0, 19, 65536, 6146009, 8, 2304]
75 20
[0, 20, 65536, 6146009, 8, 0]
76 21
[0, 21, 65536, 6146009, 8, 0]
77 22
[0, 23, 65536, 6146009, 8, 0]
78 24
[0, 24, 65536, 6146009, 9, 0]
79 25
[0, 17, 65536, 6146009, 9, 0]
80 18
[0, 18, 65536, 6146009, 9, 10]
81 19
[0, 19, 65536, 6146009, 9, 2560]
82 20
[0, 20, 65536, 6146009, 9, 0]
83 21
[0, 21, 65536, 6146009, 9, 0]
84 22
[0, 23, 65536, 6146009, 9, 0]
85 24
[0, 24, 65536, 6146009, 10, 0]
86 25
[0, 17, 65536, 6146009, 10, 0]
87 18
[0, 18, 65536, 6146009, 10, 11]
88 19
[0, 19, 65536, 6146009, 10, 2816]
89 20
[0, 20, 65536, 6146009, 10, 0]
90 21
[0, 21, 65536, 6146009, 10, 0]
91 22
[0, 23, 65536, 6146009, 10, 0]
92 24
[0, 24, 65536, 6146009, 11, 0]
93 25
[0, 17, 65536, 6146009, 11, 0]
94 18
[0, 18, 65536, 6146009, 11, 12]
95 19
[0, 19, 65536, 6146009, 11, 3072]
96 20
[0, 20, 65536, 6146009, 11, 0]
97 21
[0, 21, 65536, 6146009, 11, 0]
98 22
[0, 23, 65536, 6146009, 11, 0]
99 24
[0, 24, 65536, 6146009, 12, 0]
100 25
[0, 17, 65536, 6146009, 12, 0]
101 18
[0, 18, 65536, 6146009, 12, 13]
102 19
[0, 19, 65536, 6146009, 12, 3328]
103 20
[0, 20, 65536, 6146009, 12, 0]
104 21
[0, 21, 65536, 6146009, 12, 0]
105 22
[0, 23, 65536, 6146009, 12, 0]
106 24
[0, 24, 65536, 6146009, 13, 0]
107 25
[0, 17, 65536, 6146009, 13, 0]
108 18
[0, 18, 65536, 6146009, 13, 14]
109 19
[0, 19, 65536, 6146009, 13, 3584]
110 20
[0, 20, 65536, 6146009, 13, 0]
111 21
[0, 21, 65536, 6146009, 13, 0]
112 22
[0, 23, 65536, 6146009, 13, 0]
113 24
[0, 24, 65536, 6146009, 14, 0]
114 25
[0, 17, 65536, 6146009, 14, 0]
115 18
[0, 18, 65536, 6146009, 14, 15]
116 19
[0, 19, 65536, 6146009, 14, 3840]
117 20
[0, 20, 65536, 6146009, 14, 0]
118 21
[0, 21, 65536, 6146009, 14, 0]
119 22
[0, 23, 65536, 6146009, 14, 0]
120 24
[0, 24, 65536, 6146009, 15, 0]
121 25
[0, 17, 65536, 6146009, 15, 0]
122 18
[0, 18, 65536, 6146009, 15, 16]
123 19
[0, 19, 65536, 6146009, 15, 4096]
124 20
[0, 20, 65536, 6146009, 15, 0]
125 21
[0, 21, 65536, 6146009, 15, 0]
126 22
[0, 23, 65536, 6146009, 15, 0]
127 24
[0, 24, 65536, 6146009, 16, 0]
128 25
[0, 17, 65536, 6146009, 16, 0]
129 18
[0, 18, 65536, 6146009, 16, 17]
130 19
[0, 19, 65536, 6146009, 16, 4352]
131 20
[0, 20, 65536, 6146009, 16, 0]
132 21
[0, 21, 65536, 6146009, 16, 0]
133 22
[0, 23, 65536, 6146009, 16, 0]
134 24
[0, 24, 65536, 6146009, 17, 0]
135 25
[0, 17, 65536, 6146009, 17, 0]
136 18
[0, 18, 65536, 6146009, 17, 18]
137 19
[0, 19, 65536, 6146009, 17, 4608]
138 20
[0, 20, 65536, 6146009, 17, 0]
139 21
[0, 21, 65536, 6146009, 17, 0]
140 22
[0, 23, 65536, 6146009, 17, 0]
141 24
[0, 24, 65536, 6146009, 18, 0]
142 25
[0, 17, 65536, 6146009, 18, 0]
143 18
[0, 18, 65536, 6146009, 18, 19]
144 19
[0, 19, 65536, 6146009, 18, 4864]
145 20
[0, 20, 65536, 6146009, 18, 0]
146 21
[0, 21, 65536, 6146009, 18, 0]
147 22
[0, 23, 65536, 6146009, 18, 0]
148 24
[0, 24, 65536, 6146009, 19, 0]
149 25
[0, 17, 65536, 6146009, 19, 0]
150 18
[0, 18, 65536, 6146009, 19, 20]
151 19
[0, 19, 65536, 6146009, 19, 5120]
152 20
[0, 20, 65536, 6146009, 19, 0]
153 21
[0, 21, 65536, 6146009, 19, 0]
154 22
[0, 23, 65536, 6146009, 19, 0]
155 24
[0, 24, 65536, 6146009, 20, 0]
156 25
[0, 17, 65536, 6146009, 20, 0]
157 18
[0, 18, 65536, 6146009, 20, 21]
158 19
[0, 19, 65536, 6146009, 20, 5376]
159 20
[0, 20, 65536, 6146009, 20, 0]
160 21
[0, 21, 65536, 6146009, 20, 0]
161 22
[0, 23, 65536, 6146009, 20, 0]
162 24
[0, 24, 65536, 6146009, 21, 0]
163 25
[0, 17, 65536, 6146009, 21, 0]
164 18
[0, 18, 65536, 6146009, 21, 22]
165 19
[0, 19, 65536, 6146009, 21, 5632]
166 20
[0, 20, 65536, 6146009, 21, 0]
167 21
[0, 21, 65536, 6146009, 21, 0]
168 22
[0, 23, 65536, 6146009, 21, 0]
169 24
[0, 24, 65536, 6146009, 22, 0]
170 25
[0, 17, 65536, 6146009, 22, 0]
171 18
[0, 18, 65536, 6146009, 22, 23]
172 19
[0, 19, 65536, 6146009, 22, 5888]
173 20
[0, 20, 65536, 6146009, 22, 0]
174 21
[0, 21, 65536, 6146009, 22, 0]
175 22
[0, 23, 65536, 6146009, 22, 0]
176 24
[0, 24, 65536, 6146009, 23, 0]
177 25
[0, 17, 65536, 6146009, 23, 0]
178 18
[0, 18, 65536, 6146009, 23, 24]
179 19
[0, 19, 65536, 6146009, 23, 6144]
180 20
[0, 20, 65536, 6146009, 23, 0]
181 21
[0, 21, 65536, 6146009, 23, 0]
182 22
[0, 23, 65536, 6146009, 23, 0]
183 24
[0, 24, 65536, 6146009, 24, 0]
184 25
[0, 17, 65536, 6146009, 24, 0]
185 18
[0, 18, 65536, 6146009, 24, 25]
186 19
[0, 19, 65536, 6146009, 24, 6400]
187 20
[0, 20, 65536, 6146009, 24, 0]
188 21
[0, 21, 65536, 6146009, 24, 0]
189 22
[0, 23, 65536, 6146009, 24, 0]
190 24
[0, 24, 65536, 6146009, 25, 0]
191 25
[0, 17, 65536, 6146009, 25, 0]
192 18
[0, 18, 65536, 6146009, 25, 26]
193 19
[0, 19, 65536, 6146009, 25, 6656]
194 20
[0, 20, 65536, 6146009, 25, 0]
195 21
[0, 21, 65536, 6146009, 25, 0]
196 22
[0, 23, 65536, 6146009, 25, 0]
197 24
[0, 24, 65536, 6146009, 26, 0]
198 25
[0, 17, 65536, 6146009, 26, 0]
199 18
[0, 18, 65536, 6146009, 26, 27]
200 19
[0, 19, 65536, 6146009, 26, 6912]
201 20
[0, 20, 65536, 6146009, 26, 0]
202 21
[0, 21, 65536, 6146009, 26, 0]
203 22
[0, 23, 65536, 6146009, 26, 0]
204 24
[0, 24, 65536, 6146009, 27, 0]
205 25
[0, 17, 65536, 6146009, 27, 0]
206 18
[0, 18, 65536, 6146009, 27, 28]
207 19
[0, 19, 65536, 6146009, 27, 7168]
208 20
[0, 20, 65536, 6146009, 27, 0]
209 21
[0, 21, 65536, 6146009, 27, 0]
210 22
[0, 23, 65536, 6146009, 27, 0]
211 24
[0, 24, 65536, 6146009, 28, 0]
212 25
[0, 17, 65536, 6146009, 28, 0]
213 18
[0, 18, 65536, 6146009, 28, 29]
214 19
[0, 19, 65536, 6146009, 28, 7424]
215 20
[0, 20, 65536, 6146009, 28, 0]
216 21
[0, 21, 65536, 6146009, 28, 0]
217 22
[0, 23, 65536, 6146009, 28, 0]
218 24
[0, 24, 65536, 6146009, 29, 0]
219 25
[0, 17, 65536, 6146009, 29, 0]
220 18
[0, 18, 65536, 6146009, 29, 30]
221 19
[0, 19, 65536, 6146009, 29, 7680]
222 20
[0, 20, 65536, 6146009, 29, 0]
223 21
[0, 21, 65536, 6146009, 29, 0]
224 22
[0, 23, 65536, 6146009, 29, 0]
225 24
[0, 24, 65536, 6146009, 30, 0]
226 25
[0, 17, 65536, 6146009, 30, 0]
227 18
[0, 18, 65536, 6146009, 30, 31]
228 19
[0, 19, 65536, 6146009, 30, 7936]
229 20
[0, 20, 65536, 6146009, 30, 0]
230 21
[0, 21, 65536, 6146009, 30, 0]
231 22
[0, 23, 65536, 6146009, 30, 0]
232 24
[0, 24, 65536, 6146009, 31, 0]
233 25
[0, 17, 65536, 6146009, 31, 0]
234 18
[0, 18, 65536, 6146009, 31, 32]
235 19
[0, 19, 65536, 6146009, 31, 8192]
236 20
[0, 20, 65536, 6146009, 31, 0]
237 21
[0, 21, 65536, 6146009, 31, 0]
238 22
[0, 23, 65536, 6146009, 31, 0]
239 24
[0, 24, 65536, 6146009, 32, 0]
240 25
[0, 17, 65536, 6146009, 32, 0]
241 18
[0, 18, 65536, 6146009, 32, 33]
242 19
[0, 19, 65536, 6146009, 32, 8448]
243 20
[0, 20, 65536, 6146009, 32, 0]
244 21
[0, 21, 65536, 6146009, 32, 0]
245 22
[0, 23, 65536, 6146009, 32, 0]
246 24
[0, 24, 65536, 6146009, 33, 0]
247 25
[0, 17, 65536, 6146009, 33, 0]
248 18
[0, 18, 65536, 6146009, 33, 34]
249 19
[0, 19, 65536, 6146009, 33, 8704]
250 20
[0, 20, 65536, 6146009, 33, 0]
251 21
[0, 21, 65536, 6146009, 33, 0]
252 22
[0, 23, 65536, 6146009, 33, 0]
253 24
[0, 24, 65536, 6146009, 34, 0]
254 25
[0, 17, 65536, 6146009, 34, 0]
255 18
[0, 18, 65536, 6146009, 34, 35]
256 19
[0, 19, 65536, 6146009, 34, 8960]
257 20
[0, 20, 65536, 6146009, 34, 0]
258 21
[0, 21, 65536, 6146009, 34, 0]
259 22
[0, 23, 65536, 6146009, 34, 0]
260 24
[0, 24, 65536, 6146009, 35, 0]
261 25
[0, 17, 65536, 6146009, 35, 0]
262 18
[0, 18, 65536, 6146009, 35, 36]
263 19
[0, 19, 65536, 6146009, 35, 9216]
264 20
[0, 20, 65536, 6146009, 35, 0]
265 21
[0, 21, 65536, 6146009, 35, 0]
266 22
[0, 23, 65536, 6146009, 35, 0]
267 24
[0, 24, 65536, 6146009, 36, 0]
268 25
[0, 17, 65536, 6146009, 36, 0]
269 18
[0, 18, 65536, 6146009, 36, 37]
270 19
[0, 19, 65536, 6146009, 36, 9472]
271 20
[0, 20, 65536, 6146009, 36, 0]
272 21
[0, 21, 65536, 6146009, 36, 0]
273 22
[0, 23, 65536, 6146009, 36, 0]
274 24
[0, 24, 65536, 6146009, 37, 0]
275 25
[0, 17, 65536, 6146009, 37, 0]
276 18
[0, 18, 65536, 6146009, 37, 38]
277 19
[0, 19, 65536, 6146009, 37, 9728]
278 20
[0, 20, 65536, 6146009, 37, 0]
279 21
[0, 21, 65536, 6146009, 37, 0]
280 22
[0, 23, 65536, 6146009, 37, 0]
281 24
[0, 24, 65536, 6146009, 38, 0]
282 25
[0, 17, 65536, 6146009, 38, 0]
283 18
[0, 18, 65536, 6146009, 38, 39]
284 19
[0, 19, 65536, 6146009, 38, 9984]
285 20
[0, 20, 65536, 6146009, 38, 0]
286 21
[0, 21, 65536, 6146009, 38, 0]
287 22
[0, 23, 65536, 6146009, 38, 0]
288 24
[0, 24, 65536, 6146009, 39, 0]
289 25
[0, 17, 65536, 6146009, 39, 0]
290 18
[0, 18, 65536, 6146009, 39, 40]
291 19
[0, 19, 65536, 6146009, 39, 10240]
292 20
[0, 20, 65536, 6146009, 39, 0]
293 21
[0, 21, 65536, 6146009, 39, 0]
294 22
[0, 23, 65536, 6146009, 39, 0]
295 24
[0, 24, 65536, 6146009, 40, 0]
296 25
[0, 17, 65536, 6146009, 40, 0]
297 18
[0, 18, 65536, 6146009, 40, 41]
298 19
[0, 19, 65536, 6146009, 40, 10496]
299 20
[0, 20, 65536, 6146009, 40, 0]
300 21
[0, 21, 65536, 6146009, 40, 0]
301 22
[0, 23, 65536, 6146009, 40, 0]
302 24
[0, 24, 65536, 6146009, 41, 0]
303 25
[0, 17, 65536, 6146009, 41, 0]
304 18
[0, 18, 65536, 6146009, 41, 42]
305 19
[0, 19, 65536, 6146009, 41, 10752]
306 20
[0, 20, 65536, 6146009, 41, 0]
307 21
[0, 21, 65536, 6146009, 41, 0]
308 22
[0, 23, 65536, 6146009, 41, 0]
309 24
[0, 24, 65536, 6146009, 42, 0]
310 25
[0, 17, 65536, 6146009, 42, 0]
311 18
[0, 18, 65536, 6146009, 42, 43]
312 19
[0, 19, 65536, 6146009, 42, 11008]
313 20
[0, 20, 65536, 6146009, 42, 0]
314 21
[0, 21, 65536, 6146009, 42, 0]
315 22
[0, 23, 65536, 6146009, 42, 0]
316 24
[0, 24, 65536, 6146009, 43, 0]
317 25
[0, 17, 65536, 6146009, 43, 0]
318 18
[0, 18, 65536, 6146009, 43, 44]
319 19
[0, 19, 65536, 6146009, 43, 11264]
320 20
[0, 20, 65536, 6146009, 43, 0]
321 21
[0, 21, 65536, 6146009, 43, 0]
322 22
[0, 23, 65536, 6146009, 43, 0]
323 24
[0, 24, 65536, 6146009, 44, 0]
324 25
[0, 17, 65536, 6146009, 44, 0]
325 18
[0, 18, 65536, 6146009, 44, 45]
326 19
[0, 19, 65536, 6146009, 44, 11520]
327 20
[0, 20, 65536, 6146009, 44, 0]
328 21
[0, 21, 65536, 6146009, 44, 0]
329 22
[0, 23, 65536, 6146009, 44, 0]
330 24
[0, 24, 65536, 6146009, 45, 0]
331 25
[0, 17, 65536, 6146009, 45, 0]
332 18
[0, 18, 65536, 6146009, 45, 46]
333 19
[0, 19, 65536, 6146009, 45, 11776]
334 20
[0, 20, 65536, 6146009, 45, 0]
335 21
[0, 21, 65536, 6146009, 45, 0]
336 22
[0, 23, 65536, 6146009, 45, 0]
337 24
[0, 24, 65536, 6146009, 46, 0]
338 25
[0, 17, 65536, 6146009, 46, 0]
339 18
[0, 18, 65536, 6146009, 46, 47]
340 19
[0, 19, 65536, 6146009, 46, 12032]
341 20
[0, 20, 65536, 6146009, 46, 0]
342 21
[0, 21, 65536, 6146009, 46, 0]
343 22
[0, 23, 65536, 6146009, 46, 0]
344 24
[0, 24, 65536, 6146009, 47, 0]
345 25
[0, 17, 65536, 6146009, 47, 0]
346 18
[0, 18, 65536, 6146009, 47, 48]
347 19
[0, 19, 65536, 6146009, 47, 12288]
348 20
[0, 20, 65536, 6146009, 47, 0]
349 21
[0, 21, 65536, 6146009, 47, 0]
350 22
[0, 23, 65536, 6146009, 47, 0]
351 24
[0, 24, 65536, 6146009, 48, 0]
352 25
[0, 17, 65536, 6146009, 48, 0]
353 18
[0, 18, 65536, 6146009, 48, 49]
354 19
[0, 19, 65536, 6146009, 48, 12544]
355 20
[0, 20, 65536, 6146009, 48, 0]
356 21
[0, 21, 65536, 6146009, 48, 0]
357 22
[0, 23, 65536, 6146009, 48, 0]
358 24
[0, 24, 65536, 6146009, 49, 0]
359 25
[0, 17, 65536, 6146009, 49, 0]
360 18
[0, 18, 65536, 6146009, 49, 50]
361 19
[0, 19, 65536, 6146009, 49, 12800]
362 20
[0, 20, 65536, 6146009, 49, 0]
363 21
[0, 21, 65536, 6146009, 49, 0]
364 22
[0, 23, 65536, 6146009, 49, 0]
365 24
[0, 24, 65536, 6146009, 50, 0]
366 25
[0, 17, 65536, 6146009, 50, 0]
367 18
[0, 18, 65536, 6146009, 50, 51]
368 19
[0, 19, 65536, 6146009, 50, 13056]
369 20
[0, 20, 65536, 6146009, 50, 0]
370 21
[0, 21, 65536, 6146009, 50, 0]
371 22
[0, 23, 65536, 6146009, 50, 0]
372 24
[0, 24, 65536, 6146009, 51, 0]
373 25
[0, 17, 65536, 6146009, 51, 0]
374 18
[0, 18, 65536, 6146009, 51, 52]
375 19
[0, 19, 65536, 6146009, 51, 13312]
376 20
[0, 20, 65536, 6146009, 51, 0]
377 21
[0, 21, 65536, 6146009, 51, 0]
378 22
[0, 23, 65536, 6146009, 51, 0]
379 24
[0, 24, 65536, 6146009, 52, 0]
380 25
[0, 17, 65536, 6146009, 52, 0]
381 18
[0, 18, 65536, 6146009, 52, 53]
382 19
[0, 19, 65536, 6146009, 52, 13568]
383 20
[0, 20, 65536, 6146009, 52, 0]
384 21
[0, 21, 65536, 6146009, 52, 0]
385 22
[0, 23, 65536, 6146009, 52, 0]
386 24
[0, 24, 65536, 6146009, 53, 0]
387 25
[0, 17, 65536, 6146009, 53, 0]
388 18
[0, 18, 65536, 6146009, 53, 54]
389 19
[0, 19, 65536, 6146009, 53, 13824]
390 20
[0, 20, 65536, 6146009, 53, 0]
391 21
[0, 21, 65536, 6146009, 53, 0]
392 22
[0, 23, 65536, 6146009, 53, 0]
393 24
[0, 24, 65536, 6146009, 54, 0]
394 25
[0, 17, 65536, 6146009, 54, 0]
395 18
[0, 18, 65536, 6146009, 54, 55]
396 19
[0, 19, 65536, 6146009, 54, 14080]
397 20
[0, 20, 65536, 6146009, 54, 0]
398 21
[0, 21, 65536, 6146009, 54, 0]
399 22
[0, 23, 65536, 6146009, 54, 0]
400 24
[0, 24, 65536, 6146009, 55, 0]
401 25
[0, 17, 65536, 6146009, 55, 0]
402 18
[0, 18, 65536, 6146009, 55, 56]
403 19
[0, 19, 65536, 6146009, 55, 14336]
404 20
[0, 20, 65536, 6146009, 55, 0]
405 21
[0, 21, 65536, 6146009, 55, 0]
406 22
[0, 23, 65536, 6146009, 55, 0]
407 24
[0, 24, 65536, 6146009, 56, 0]
408 25
[0, 17, 65536, 6146009, 56, 0]
409 18
[0, 18, 65536, 6146009, 56, 57]
410 19
[0, 19, 65536, 6146009, 56, 14592]
411 20
[0, 20, 65536, 6146009, 56, 0]
412 21
[0, 21, 65536, 6146009, 56, 0]
413 22
[0, 23, 65536, 6146009, 56, 0]
414 24
[0, 24, 65536, 6146009, 57, 0]
415 25
[0, 17, 65536, 6146009, 57, 0]
416 18
[0, 18, 65536, 6146009, 57, 58]
417 19
[0, 19, 65536, 6146009, 57, 14848]
418 20
[0, 20, 65536, 6146009, 57, 0]
419 21
[0, 21, 65536, 6146009, 57, 0]
420 22
[0, 23, 65536, 6146009, 57, 0]
421 24
[0, 24, 65536, 6146009, 58, 0]
422 25
[0, 17, 65536, 6146009, 58, 0]
423 18
[0, 18, 65536, 6146009, 58, 59]
424 19
[0, 19, 65536, 6146009, 58, 15104]
425 20
[0, 20, 65536, 6146009, 58, 0]
426 21
[0, 21, 65536, 6146009, 58, 0]
427 22
[0, 23, 65536, 6146009, 58, 0]
428 24
[0, 24, 65536, 6146009, 59, 0]
429 25
[0, 17, 65536, 6146009, 59, 0]
430 18
[0, 18, 65536, 6146009, 59, 60]
431 19
[0, 19, 65536, 6146009, 59, 15360]
432 20
[0, 20, 65536, 6146009, 59, 0]
433 21
[0, 21, 65536, 6146009, 59, 0]
434 22
[0, 23, 65536, 6146009, 59, 0]
435 24
[0, 24, 65536, 6146009, 60, 0]
436 25
[0, 17, 65536, 6146009, 60, 0]
437 18
[0, 18, 65536, 6146009, 60, 61]
438 19
[0, 19, 65536, 6146009, 60, 15616]
439 20
[0, 20, 65536, 6146009, 60, 0]
440 21
[0, 21, 65536, 6146009, 60, 0]
441 22
[0, 23, 65536, 6146009, 60, 0]
442 24
[0, 24, 65536, 6146009, 61, 0]
443 25
[0, 17, 65536, 6146009, 61, 0]
444 18
[0, 18, 65536, 6146009, 61, 62]
445 19
[0, 19, 65536, 6146009, 61, 15872]
446 20
[0, 20, 65536, 6146009, 61, 0]
447 21
[0, 21, 65536, 6146009, 61, 0]
448 22
[0, 23, 65536, 6146009, 61, 0]
449 24
[0, 24, 65536, 6146009, 62, 0]
450 25
[0, 17, 65536, 6146009, 62, 0]
451 18
[0, 18, 65536, 6146009, 62, 63]
452 19
[0, 19, 65536, 6146009, 62, 16128]
453 20
[0, 20, 65536, 6146009, 62, 0]
454 21
[0, 21, 65536, 6146009, 62, 0]
455 22
[0, 23, 65536, 6146009, 62, 0]
456 24
[0, 24, 65536, 6146009, 63, 0]
457 25
[0, 17, 65536, 6146009, 63, 0]
458 18
[0, 18, 65536, 6146009, 63, 64]
459 19
[0, 19, 65536, 6146009, 63, 16384]
460 20
[0, 20, 65536, 6146009, 63, 0]
461 21
[0, 21, 65536, 6146009, 63, 0]
462 22
[0, 23, 65536, 6146009, 63, 0]
463 24
[0, 24, 65536, 6146009, 64, 0]
464 25
[0, 17, 65536, 6146009, 64, 0]
465 18
[0, 18, 65536, 6146009, 64, 65]
466 19
[0, 19, 65536, 6146009, 64, 16640]
467 20
[0, 20, 65536, 6146009, 64, 0]
468 21
[0, 21, 65536, 6146009, 64, 0]
469 22
[0, 23, 65536, 6146009, 64, 0]
470 24
[0, 24, 65536, 6146009, 65, 0]
471 25
[0, 17, 65536, 6146009, 65, 0]
472 18
[0, 18, 65536, 6146009, 65, 66]
473 19
[0, 19, 65536, 6146009, 65, 16896]
474 20
[0, 20, 65536, 6146009, 65, 0]
475 21
[0, 21, 65536, 6146009, 65, 0]
476 22
[0, 23, 65536, 6146009, 65, 0]
477 24
[0, 24, 65536, 6146009, 66, 0]
478 25
[0, 17, 65536, 6146009, 66, 0]
479 18
[0, 18, 65536, 6146009, 66, 67]
480 19
[0, 19, 65536, 6146009, 66, 17152]
481 20
[0, 20, 65536, 6146009, 66, 0]
482 21
[0, 21, 65536, 6146009, 66, 0]
483 22
[0, 23, 65536, 6146009, 66, 0]
484 24
[0, 24, 65536, 6146009, 67, 0]
485 25
[0, 17, 65536, 6146009, 67, 0]
486 18
[0, 18, 65536, 6146009, 67, 68]
487 19
[0, 19, 65536, 6146009, 67, 17408]
488 20
[0, 20, 65536, 6146009, 67, 0]
489 21
[0, 21, 65536, 6146009, 67, 0]
490 22
[0, 23, 65536, 6146009, 67, 0]
491 24
[0, 24, 65536, 6146009, 68, 0]
492 25
[0, 17, 65536, 6146009, 68, 0]
493 18
[0, 18, 65536, 6146009, 68, 69]
494 19
[0, 19, 65536, 6146009, 68, 17664]
495 20
[0, 20, 65536, 6146009, 68, 0]
496 21
[0, 21, 65536, 6146009, 68, 0]
497 22
[0, 23, 65536, 6146009, 68, 0]
498 24
[0, 24, 65536, 6146009, 69, 0]
499 25
[0, 17, 65536, 6146009, 69, 0]
500 18
[0, 18, 65536, 6146009, 69, 70]
501 19
[0, 19, 65536, 6146009, 69, 17920]
502 20
[0, 20, 65536, 6146009, 69, 0]
503 21
[0, 21, 65536, 6146009, 69, 0]
504 22
[0, 23, 65536, 6146009, 69, 0]
505 24
[0, 24, 65536, 6146009, 70, 0]
506 25
[0, 17, 65536, 6146009, 70, 0]
507 18
[0, 18, 65536, 6146009, 70, 71]
508 19
[0, 19, 65536, 6146009, 70, 18176]
509 20
[0, 20, 65536, 6146009, 70, 0]
510 21
[0, 21, 65536, 6146009, 70, 0]
511 22
[0, 23, 65536, 6146009, 70, 0]
512 24
[0, 24, 65536, 6146009, 71, 0]
513 25
[0, 17, 65536, 6146009, 71, 0]
514 18
[0, 18, 65536, 6146009, 71, 72]
515 19
[0, 19, 65536, 6146009, 71, 18432]
516 20
[0, 20, 65536, 6146009, 71, 0]
517 21
[0, 21, 65536, 6146009, 71, 0]
518 22
[0, 23, 65536, 6146009, 71, 0]
519 24
[0, 24, 65536, 6146009, 72, 0]
520 25
[0, 17, 65536, 6146009, 72, 0]
521 18
[0, 18, 65536, 6146009, 72, 73]
522 19
[0, 19, 65536, 6146009, 72, 18688]
523 20
[0, 20, 65536, 6146009, 72, 0]
524 21
[0, 21, 65536, 6146009, 72, 0]
525 22
[0, 23, 65536, 6146009, 72, 0]
526 24
[0, 24, 65536, 6146009, 73, 0]
527 25
[0, 17, 65536, 6146009, 73, 0]
528 18
[0, 18, 65536, 6146009, 73, 74]
529 19
[0, 19, 65536, 6146009, 73, 18944]
530 20
[0, 20, 65536, 6146009, 73, 0]
531 21
[0, 21, 65536, 6146009, 73, 0]
532 22
[0, 23, 65536, 6146009, 73, 0]
533 24
[0, 24, 65536, 6146009, 74, 0]
534 25
[0, 17, 65536, 6146009, 74, 0]
535 18
[0, 18, 65536, 6146009, 74, 75]
536 19
[0, 19, 65536, 6146009, 74, 19200]
537 20
[0, 20, 65536, 6146009, 74, 0]
538 21
[0, 21, 65536, 6146009, 74, 0]
539 22
[0, 23, 65536, 6146009, 74, 0]
540 24
[0, 24, 65536, 6146009, 75, 0]
541 25
[0, 17, 65536, 6146009, 75, 0]
542 18
[0, 18, 65536, 6146009, 75, 76]
543 19
[0, 19, 65536, 6146009, 75, 19456]
544 20
[0, 20, 65536, 6146009, 75, 0]
545 21
[0, 21, 65536, 6146009, 75, 0]
546 22
[0, 23, 65536, 6146009, 75, 0]
547 24
[0, 24, 65536, 6146009, 76, 0]
548 25
[0, 17, 65536, 6146009, 76, 0]
549 18
[0, 18, 65536, 6146009, 76, 77]
550 19
[0, 19, 65536, 6146009, 76, 19712]
551 20
[0, 20, 65536, 6146009, 76, 0]
552 21
[0, 21, 65536, 6146009, 76, 0]
553 22
[0, 23, 65536, 6146009, 76, 0]
554 24
[0, 24, 65536, 6146009, 77, 0]
555 25
[0, 17, 65536, 6146009, 77, 0]
556 18
[0, 18, 65536, 6146009, 77, 78]
557 19
[0, 19, 65536, 6146009, 77, 19968]
558 20
[0, 20, 65536, 6146009, 77, 0]
559 21
[0, 21, 65536, 6146009, 77, 0]
560 22
[0, 23, 65536, 6146009, 77, 0]
561 24
[0, 24, 65536, 6146009, 78, 0]
562 25
[0, 17, 65536, 6146009, 78, 0]
563 18
[0, 18, 65536, 6146009, 78, 79]
564 19
[0, 19, 65536, 6146009, 78, 20224]
565 20
[0, 20, 65536, 6146009, 78, 0]
566 21
[0, 21, 65536, 6146009, 78, 0]
567 22
[0, 23, 65536, 6146009, 78, 0]
568 24
[0, 24, 65536, 6146009, 79, 0]
569 25
[0, 17, 65536, 6146009, 79, 0]
570 18
[0, 18, 65536, 6146009, 79, 80]
571 19
[0, 19, 65536, 6146009, 79, 20480]
572 20
[0, 20, 65536, 6146009, 79, 0]
573 21
[0, 21, 65536, 6146009, 79, 0]
574 22
[0, 23, 65536, 6146009, 79, 0]
575 24
[0, 24, 65536, 6146009, 80, 0]
576 25
[0, 17, 65536, 6146009, 80, 0]
577 18
[0, 18, 65536, 6146009, 80, 81]
578 19
[0, 19, 65536, 6146009, 80, 20736]
579 20
[0, 20, 65536, 6146009, 80, 0]
580 21
[0, 21, 65536, 6146009, 80, 0]
581 22
[0, 23, 65536, 6146009, 80, 0]
582 24
[0, 24, 65536, 6146009, 81, 0]
583 25
[0, 17, 65536, 6146009, 81, 0]
584 18
[0, 18, 65536, 6146009, 81, 82]
585 19
[0, 19, 65536, 6146009, 81, 20992]
586 20
[0, 20, 65536, 6146009, 81, 0]
587 21
[0, 21, 65536, 6146009, 81, 0]
588 22
[0, 23, 65536, 6146009, 81, 0]
589 24
[0, 24, 65536, 6146009, 82, 0]
590 25
[0, 17, 65536, 6146009, 82, 0]
591 18
[0, 18, 65536, 6146009, 82, 83]
592 19
[0, 19, 65536, 6146009, 82, 21248]
593 20
[0, 20, 65536, 6146009, 82, 0]
594 21
[0, 21, 65536, 6146009, 82, 0]
595 22
[0, 23, 65536, 6146009, 82, 0]
596 24
[0, 24, 65536, 6146009, 83, 0]
597 25
[0, 17, 65536, 6146009, 83, 0]
598 18
[0, 18, 65536, 6146009, 83, 84]
599 19
[0, 19, 65536, 6146009, 83, 21504]
600 20
[0, 20, 65536, 6146009, 83, 0]
601 21
[0, 21, 65536, 6146009, 83, 0]
602 22
[0, 23, 65536, 6146009, 83, 0]
603 24
[0, 24, 65536, 6146009, 84, 0]
604 25
[0, 17, 65536, 6146009, 84, 0]
605 18
[0, 18, 65536, 6146009, 84, 85]
606 19
[0, 19, 65536, 6146009, 84, 21760]
607 20
[0, 20, 65536, 6146009, 84, 0]
608 21
[0, 21, 65536, 6146009, 84, 0]
609 22
[0, 23, 65536, 6146009, 84, 0]
610 24
[0, 24, 65536, 6146009, 85, 0]
611 25
[0, 17, 65536, 6146009, 85, 0]
612 18
[0, 18, 65536, 6146009, 85, 86]
613 19
[0, 19, 65536, 6146009, 85, 22016]
614 20
[0, 20, 65536, 6146009, 85, 0]
615 21
[0, 21, 65536, 6146009, 85, 0]
616 22
[0, 23, 65536, 6146009, 85, 0]
617 24
[0, 24, 65536, 6146009, 86, 0]
618 25
[0, 17, 65536, 6146009, 86, 0]
619 18
[0, 18, 65536, 6146009, 86, 87]
620 19
[0, 19, 65536, 6146009, 86, 22272]
621 20
[0, 20, 65536, 6146009, 86, 0]
622 21
[0, 21, 65536, 6146009, 86, 0]
623 22
[0, 23, 65536, 6146009, 86, 0]
624 24
[0, 24, 65536, 6146009, 87, 0]
625 25
[0, 17, 65536, 6146009, 87, 0]
626 18
[0, 18, 65536, 6146009, 87, 88]
627 19
[0, 19, 65536, 6146009, 87, 22528]
628 20
[0, 20, 65536, 6146009, 87, 0]
629 21
[0, 21, 65536, 6146009, 87, 0]
630 22
[0, 23, 65536, 6146009, 87, 0]
631 24
[0, 24, 65536, 6146009, 88, 0]
632 25
[0, 17, 65536, 6146009, 88, 0]
633 18
[0, 18, 65536, 6146009, 88, 89]
634 19
[0, 19, 65536, 6146009, 88, 22784]
635 20
[0, 20, 65536, 6146009, 88, 0]
636 21
[0, 21, 65536, 6146009, 88, 0]
637 22
[0, 23, 65536, 6146009, 88, 0]
638 24
[0, 24, 65536, 6146009, 89, 0]
639 25
[0, 17, 65536, 6146009, 89, 0]
640 18
[0, 18, 65536, 6146009, 89, 90]
641 19
[0, 19, 65536, 6146009, 89, 23040]
642 20
[0, 20, 65536, 6146009, 89, 0]
643 21
[0, 21, 65536, 6146009, 89, 0]
644 22
[0, 23, 65536, 6146009, 89, 0]
645 24
[0, 24, 65536, 6146009, 90, 0]
646 25
[0, 17, 65536, 6146009, 90, 0]
647 18
[0, 18, 65536, 6146009, 90, 91]
648 19
[0, 19, 65536, 6146009, 90, 23296]
649 20
[0, 20, 65536, 6146009, 90, 0]
650 21
[0, 21, 65536, 6146009, 90, 0]
651 22
[0, 23, 65536, 6146009, 90, 0]
652 24
[0, 24, 65536, 6146009, 91, 0]
653 25
[0, 17, 65536, 6146009, 91, 0]
654 18
[0, 18, 65536, 6146009, 91, 92]
655 19
[0, 19, 65536, 6146009, 91, 23552]
656 20
[0, 20, 65536, 6146009, 91, 0]
657 21
[0, 21, 65536, 6146009, 91, 0]
658 22
[0, 23, 65536, 6146009, 91, 0]
659 24
[0, 24, 65536, 6146009, 92, 0]
660 25
[0, 17, 65536, 6146009, 92, 0]
661 18
[0, 18, 65536, 6146009, 92, 93]
662 19
[0, 19, 65536, 6146009, 92, 23808]
663 20
[0, 20, 65536, 6146009, 92, 0]
664 21
[0, 21, 65536, 6146009, 92, 0]
665 22
[0, 23, 65536, 6146009, 92, 0]
666 24
[0, 24, 65536, 6146009, 93, 0]
667 25
[0, 17, 65536, 6146009, 93, 0]
668 18
[0, 18, 65536, 6146009, 93, 94]
669 19
[0, 19, 65536, 6146009, 93, 24064]
670 20
[0, 20, 65536, 6146009, 93, 0]
671 21
[0, 21, 65536, 6146009, 93, 0]
672 22
[0, 23, 65536, 6146009, 93, 0]
673 24
[0, 24, 65536, 6146009, 94, 0]
674 25
[0, 17, 65536, 6146009, 94, 0]
675 18
[0, 18, 65536, 6146009, 94, 95]
676 19
[0, 19, 65536, 6146009, 94, 24320]
677 20
[0, 20, 65536, 6146009, 94, 0]
678 21
[0, 21, 65536, 6146009, 94, 0]
679 22
[0, 23, 65536, 6146009, 94, 0]
680 24
[0, 24, 65536, 6146009, 95, 0]
681 25
[0, 17, 65536, 6146009, 95, 0]
682 18
[0, 18, 65536, 6146009, 95, 96]
683 19
[0, 19, 65536, 6146009, 95, 24576]
684 20
[0, 20, 65536, 6146009, 95, 0]
685 21
[0, 21, 65536, 6146009, 95, 0]
686 22
[0, 23, 65536, 6146009, 95, 0]
687 24
[0, 24, 65536, 6146009, 96, 0]
688 25
[0, 17, 65536, 6146009, 96, 0]
689 18
[0, 18, 65536, 6146009, 96, 97]
690 19
[0, 19, 65536, 6146009, 96, 24832]
691 20
[0, 20, 65536, 6146009, 96, 0]
692 21
[0, 21, 65536, 6146009, 96, 0]
693 22
[0, 23, 65536, 6146009, 96, 0]
694 24
[0, 24, 65536, 6146009, 97, 0]
695 25
[0, 17, 65536, 6146009, 97, 0]
696 18
[0, 18, 65536, 6146009, 97, 98]
697 19
[0, 19, 65536, 6146009, 97, 25088]
698 20
[0, 20, 65536, 6146009, 97, 0]
699 21
[0, 21, 65536, 6146009, 97, 0]
700 22
[0, 23, 65536, 6146009, 97, 0]
701 24
[0, 24, 65536, 6146009, 98, 0]
702 25
[0, 17, 65536, 6146009, 98, 0]
703 18
[0, 18, 65536, 6146009, 98, 99]
704 19
[0, 19, 65536, 6146009, 98, 25344]
705 20
[0, 20, 65536, 6146009, 98, 0]
706 21
[0, 21, 65536, 6146009, 98, 0]
707 22
[0, 23, 65536, 6146009, 98, 0]
708 24
[0, 24, 65536, 6146009, 99, 0]
709 25
[0, 17, 65536, 6146009, 99, 0]
710 18
[0, 18, 65536, 6146009, 99, 100]
711 19
[0, 19, 65536, 6146009, 99, 25600]
712 20
[0, 20, 65536, 6146009, 99, 0]
713 21
[0, 21, 65536, 6146009, 99, 0]
714 22
[0, 23, 65536, 6146009, 99, 0]
715 24
[0, 24, 65536, 6146009, 100, 0]
716 25
[0, 17, 65536, 6146009, 100, 0]
717 18
[0, 18, 65536, 6146009, 100, 101]
718 19
[0, 19, 65536, 6146009, 100, 25856]
719 20
[0, 20, 65536, 6146009, 100, 0]
720 21
[0, 21, 65536, 6146009, 100, 0]
721 22
[0, 23, 65536, 6146009, 100, 0]
722 24
[0, 24, 65536, 6146009, 101, 0]
723 25
[0, 17, 65536, 6146009, 101, 0]
724 18
[0, 18, 65536, 6146009, 101, 102]
725 19
[0, 19, 65536, 6146009, 101, 26112]
726 20
[0, 20, 65536, 6146009, 101, 0]
727 21
[0, 21, 65536, 6146009, 101, 0]
728 22
[0, 23, 65536, 6146009, 101, 0]
729 24
[0, 24, 65536, 6146009, 102, 0]
730 25
[0, 17, 65536, 6146009, 102, 0]
731 18
[0, 18, 65536, 6146009, 102, 103]
732 19
[0, 19, 65536, 6146009, 102, 26368]
733 20
[0, 20, 65536, 6146009, 102, 0]
734 21
[0, 21, 65536, 6146009, 102, 0]
735 22
[0, 23, 65536, 6146009, 102, 0]
736 24
[0, 24, 65536, 6146009, 103, 0]
737 25
[0, 17, 65536, 6146009, 103, 0]
738 18
[0, 18, 65536, 6146009, 103, 104]
739 19
[0, 19, 65536, 6146009, 103, 26624]
740 20
[0, 20, 65536, 6146009, 103, 0]
741 21
[0, 21, 65536, 6146009, 103, 0]
742 22
[0, 23, 65536, 6146009, 103, 0]
743 24
[0, 24, 65536, 6146009, 104, 0]
744 25
[0, 17, 65536, 6146009, 104, 0]
745 18
[0, 18, 65536, 6146009, 104, 105]
746 19
[0, 19, 65536, 6146009, 104, 26880]
747 20
[0, 20, 65536, 6146009, 104, 0]
748 21
[0, 21, 65536, 6146009, 104, 0]
749 22
[0, 23, 65536, 6146009, 104, 0]
750 24
[0, 24, 65536, 6146009, 105, 0]
751 25
[0, 17, 65536, 6146009, 105, 0]
752 18
[0, 18, 65536, 6146009, 105, 106]
753 19
[0, 19, 65536, 6146009, 105, 27136]
754 20
[0, 20, 65536, 6146009, 105, 0]
755 21
[0, 21, 65536, 6146009, 105, 0]
756 22
[0, 23, 65536, 6146009, 105, 0]
757 24
[0, 24, 65536, 6146009, 106, 0]
758 25
[0, 17, 65536, 6146009, 106, 0]
759 18
[0, 18, 65536, 6146009, 106, 107]
760 19
[0, 19, 65536, 6146009, 106, 27392]
761 20
[0, 20, 65536, 6146009, 106, 0]
762 21
[0, 21, 65536, 6146009, 106, 0]
763 22
[0, 23, 65536, 6146009, 106, 0]
764 24
[0, 24, 65536, 6146009, 107, 0]
765 25
[0, 17, 65536, 6146009, 107, 0]
766 18
[0, 18, 65536, 6146009, 107, 108]
767 19
[0, 19, 65536, 6146009, 107, 27648]
768 20
[0, 20, 65536, 6146009, 107, 0]
769 21
[0, 21, 65536, 6146009, 107, 0]
770 22
[0, 23, 65536, 6146009, 107, 0]
771 24
[0, 24, 65536, 6146009, 108, 0]
772 25
[0, 17, 65536, 6146009, 108, 0]
773 18
[0, 18, 65536, 6146009, 108, 109]
774 19
[0, 19, 65536, 6146009, 108, 27904]
775 20
[0, 20, 65536, 6146009, 108, 0]
776 21
[0, 21, 65536, 6146009, 108, 0]
777 22
[0, 23, 65536, 6146009, 108, 0]
778 24
[0, 24, 65536, 6146009, 109, 0]
779 25
[0, 17, 65536, 6146009, 109, 0]
780 18
[0, 18, 65536, 6146009, 109, 110]
781 19
[0, 19, 65536, 6146009, 109, 28160]
782 20
[0, 20, 65536, 6146009, 109, 0]
783 21
[0, 21, 65536, 6146009, 109, 0]
784 22
[0, 23, 65536, 6146009, 109, 0]
785 24
[0, 24, 65536, 6146009, 110, 0]
786 25
[0, 17, 65536, 6146009, 110, 0]
787 18
[0, 18, 65536, 6146009, 110, 111]
788 19
[0, 19, 65536, 6146009, 110, 28416]
789 20
[0, 20, 65536, 6146009, 110, 0]
790 21
[0, 21, 65536, 6146009, 110, 0]
791 22
[0, 23, 65536, 6146009, 110, 0]
792 24
[0, 24, 65536, 6146009, 111, 0]
793 25
[0, 17, 65536, 6146009, 111, 0]
794 18
[0, 18, 65536, 6146009, 111, 112]
795 19
[0, 19, 65536, 6146009, 111, 28672]
796 20
[0, 20, 65536, 6146009, 111, 0]
797 21
[0, 21, 65536, 6146009, 111, 0]
798 22
[0, 23, 65536, 6146009, 111, 0]
799 24
[0, 24, 65536, 6146009, 112, 0]
800 25
[0, 17, 65536, 6146009, 112, 0]
801 18
[0, 18, 65536, 6146009, 112, 113]
802 19
[0, 19, 65536, 6146009, 112, 28928]
803 20
[0, 20, 65536, 6146009, 112, 0]
804 21
[0, 21, 65536, 6146009, 112, 0]
805 22
[0, 23, 65536, 6146009, 112, 0]
806 24
[0, 24, 65536, 6146009, 113, 0]
807 25
[0, 17, 65536, 6146009, 113, 0]
808 18
[0, 18, 65536, 6146009, 113, 114]
809 19
[0, 19, 65536, 6146009, 113, 29184]
810 20
[0, 20, 65536, 6146009, 113, 0]
811 21
[0, 21, 65536, 6146009, 113, 0]
812 22
[0, 23, 65536, 6146009, 113, 0]
813 24
[0, 24, 65536, 6146009, 114, 0]
814 25
[0, 17, 65536, 6146009, 114, 0]
815 18
[0, 18, 65536, 6146009, 114, 115]
816 19
[0, 19, 65536, 6146009, 114, 29440]
817 20
[0, 20, 65536, 6146009, 114, 0]
818 21
[0, 21, 65536, 6146009, 114, 0]
819 22
[0, 23, 65536, 6146009, 114, 0]
820 24
[0, 24, 65536, 6146009, 115, 0]
821 25
[0, 17, 65536, 6146009, 115, 0]
822 18
[0, 18, 65536, 6146009, 115, 116]
823 19
[0, 19, 65536, 6146009, 115, 29696]
824 20
[0, 20, 65536, 6146009, 115, 0]
825 21
[0, 21, 65536, 6146009, 115, 0]
826 22
[0, 23, 65536, 6146009, 115, 0]
827 24
[0, 24, 65536, 6146009, 116, 0]
828 25
[0, 17, 65536, 6146009, 116, 0]
829 18
[0, 18, 65536, 6146009, 116, 117]
830 19
[0, 19, 65536, 6146009, 116, 29952]
831 20
[0, 20, 65536, 6146009, 116, 0]
832 21
[0, 21, 65536, 6146009, 116, 0]
833 22
[0, 23, 65536, 6146009, 116, 0]
834 24
[0, 24, 65536, 6146009, 117, 0]
835 25
[0, 17, 65536, 6146009, 117, 0]
836 18
[0, 18, 65536, 6146009, 117, 118]
837 19
[0, 19, 65536, 6146009, 117, 30208]
838 20
[0, 20, 65536, 6146009, 117, 0]
839 21
[0, 21, 65536, 6146009, 117, 0]
840 22
[0, 23, 65536, 6146009, 117, 0]
841 24
[0, 24, 65536, 6146009, 118, 0]
842 25
[0, 17, 65536, 6146009, 118, 0]
843 18
[0, 18, 65536, 6146009, 118, 119]
844 19
[0, 19, 65536, 6146009, 118, 30464]
845 20
[0, 20, 65536, 6146009, 118, 0]
846 21
[0, 21, 65536, 6146009, 118, 0]
847 22
[0, 23, 65536, 6146009, 118, 0]
848 24
[0, 24, 65536, 6146009, 119, 0]
849 25
[0, 17, 65536, 6146009, 119, 0]
850 18
[0, 18, 65536, 6146009, 119, 120]
851 19
[0, 19, 65536, 6146009, 119, 30720]
852 20
[0, 20, 65536, 6146009, 119, 0]
853 21
[0, 21, 65536, 6146009, 119, 0]
854 22
[0, 23, 65536, 6146009, 119, 0]
855 24
[0, 24, 65536, 6146009, 120, 0]
856 25
[0, 17, 65536, 6146009, 120, 0]
857 18
[0, 18, 65536, 6146009, 120, 121]
858 19
[0, 19, 65536, 6146009, 120, 30976]
859 20
[0, 20, 65536, 6146009, 120, 0]
860 21
[0, 21, 65536, 6146009, 120, 0]
861 22
[0, 23, 65536, 6146009, 120, 0]
862 24
[0, 24, 65536, 6146009, 121, 0]
863 25
[0, 17, 65536, 6146009, 121, 0]
864 18
[0, 18, 65536, 6146009, 121, 122]
865 19
[0, 19, 65536, 6146009, 121, 31232]
866 20
[0, 20, 65536, 6146009, 121, 0]
867 21
[0, 21, 65536, 6146009, 121, 0]
868 22
[0, 23, 65536, 6146009, 121, 0]
869 24
[0, 24, 65536, 6146009, 122, 0]
870 25
[0, 17, 65536, 6146009, 122, 0]
871 18
[0, 18, 65536, 6146009, 122, 123]
872 19
[0, 19, 65536, 6146009, 122, 31488]
873 20
[0, 20, 65536, 6146009, 122, 0]
874 21
[0, 21, 65536, 6146009, 122, 0]
875 22
[0, 23, 65536, 6146009, 122, 0]
876 24
[0, 24, 65536, 6146009, 123, 0]
877 25
[0, 17, 65536, 6146009, 123, 0]
878 18
[0, 18, 65536, 6146009, 123, 124]
879 19
[0, 19, 65536, 6146009, 123, 31744]
880 20
[0, 20, 65536, 6146009, 123, 0]
881 21
[0, 21, 65536, 6146009, 123, 0]
882 22
[0, 23, 65536, 6146009, 123, 0]
883 24
[0, 24, 65536, 6146009, 124, 0]
884 25
[0, 17, 65536, 6146009, 124, 0]
885 18
[0, 18, 65536, 6146009, 124, 125]
886 19
[0, 19, 65536, 6146009, 124, 32000]
887 20
[0, 20, 65536, 6146009, 124, 0]
888 21
[0, 21, 65536, 6146009, 124, 0]
889 22
[0, 23, 65536, 6146009, 124, 0]
890 24
[0, 24, 65536, 6146009, 125, 0]
891 25
[0, 17, 65536, 6146009, 125, 0]
892 18
[0, 18, 65536, 6146009, 125, 126]
893 19
[0, 19, 65536, 6146009, 125, 32256]
894 20
[0, 20, 65536, 6146009, 125, 0]
895 21
[0, 21, 65536, 6146009, 125, 0]
896 22
[0, 23, 65536, 6146009, 125, 0]
897 24
[0, 24, 65536, 6146009, 126, 0]
898 25
[0, 17, 65536, 6146009, 126, 0]
899 18
[0, 18, 65536, 6146009, 126, 127]
900 19
[0, 19, 65536, 6146009, 126, 32512]
901 20
[0, 20, 65536, 6146009, 126, 0]
902 21
[0, 21, 65536, 6146009, 126, 0]
903 22
[0, 23, 65536, 6146009, 126, 0]
904 24
[0, 24, 65536, 6146009, 127, 0]
905 25
[0, 17, 65536, 6146009, 127, 0]
906 18
[0, 18, 65536, 6146009, 127, 128]
907 19
[0, 19, 65536, 6146009, 127, 32768]
908 20
[0, 20, 65536, 6146009, 127, 0]
909 21
[0, 21, 65536, 6146009, 127, 0]
910 22
[0, 23, 65536, 6146009, 127, 0]
911 24
[0, 24, 65536, 6146009, 128, 0]
912 25
[0, 17, 65536, 6146009, 128, 0]
913 18
[0, 18, 65536, 6146009, 128, 129]
914 19
[0, 19, 65536, 6146009, 128, 33024]
915 20
[0, 20, 65536, 6146009, 128, 0]
916 21
[0, 21, 65536, 6146009, 128, 0]
917 22
[0, 23, 65536, 6146009, 128, 0]
918 24
[0, 24, 65536, 6146009, 129, 0]
919 25
[0, 17, 65536, 6146009, 129, 0]
920 18
[0, 18, 65536, 6146009, 129, 130]
921 19
[0, 19, 65536, 6146009, 129, 33280]
922 20
[0, 20, 65536, 6146009, 129, 0]
923 21
[0, 21, 65536, 6146009, 129, 0]
924 22
[0, 23, 65536, 6146009, 129, 0]
925 24
[0, 24, 65536, 6146009, 130, 0]
926 25
[0, 17, 65536, 6146009, 130, 0]
927 18
[0, 18, 65536, 6146009, 130, 131]
928 19
[0, 19, 65536, 6146009, 130, 33536]
929 20
[0, 20, 65536, 6146009, 130, 0]
930 21
[0, 21, 65536, 6146009, 130, 0]
931 22
[0, 23, 65536, 6146009, 130, 0]
932 24
[0, 24, 65536, 6146009, 131, 0]
933 25
[0, 17, 65536, 6146009, 131, 0]
934 18
[0, 18, 65536, 6146009, 131, 132]
935 19
[0, 19, 65536, 6146009, 131, 33792]
936 20
[0, 20, 65536, 6146009, 131, 0]
937 21
[0, 21, 65536, 6146009, 131, 0]
938 22
[0, 23, 65536, 6146009, 131, 0]
939 24
[0, 24, 65536, 6146009, 132, 0]
940 25
[0, 17, 65536, 6146009, 132, 0]
941 18
[0, 18, 65536, 6146009, 132, 133]
942 19
[0, 19, 65536, 6146009, 132, 34048]
943 20
[0, 20, 65536, 6146009, 132, 0]
944 21
[0, 21, 65536, 6146009, 132, 0]
945 22
[0, 23, 65536, 6146009, 132, 0]
946 24
[0, 24, 65536, 6146009, 133, 0]
947 25
[0, 17, 65536, 6146009, 133, 0]
948 18
[0, 18, 65536, 6146009, 133, 134]
949 19
[0, 19, 65536, 6146009, 133, 34304]
950 20
[0, 20, 65536, 6146009, 133, 0]
951 21
[0, 21, 65536, 6146009, 133, 0]
952 22
[0, 23, 65536, 6146009, 133, 0]
953 24
[0, 24, 65536, 6146009, 134, 0]
954 25
[0, 17, 65536, 6146009, 134, 0]
955 18
[0, 18, 65536, 6146009, 134, 135]
956 19
[0, 19, 65536, 6146009, 134, 34560]
957 20
[0, 20, 65536, 6146009, 134, 0]
958 21
[0, 21, 65536, 6146009, 134, 0]
959 22
[0, 23, 65536, 6146009, 134, 0]
960 24
[0, 24, 65536, 6146009, 135, 0]
961 25
[0, 17, 65536, 6146009, 135, 0]
962 18
[0, 18, 65536, 6146009, 135, 136]
963 19
[0, 19, 65536, 6146009, 135, 34816]
964 20
[0, 20, 65536, 6146009, 135, 0]
965 21
[0, 21, 65536, 6146009, 135, 0]
966 22
[0, 23, 65536, 6146009, 135, 0]
967 24
[0, 24, 65536, 6146009, 136, 0]
968 25
[0, 17, 65536, 6146009, 136, 0]
969 18
[0, 18, 65536, 6146009, 136, 137]
970 19
[0, 19, 65536, 6146009, 136, 35072]
971 20
[0, 20, 65536, 6146009, 136, 0]
972 21
[0, 21, 65536, 6146009, 136, 0]
973 22
[0, 23, 65536, 6146009, 136, 0]
974 24
[0, 24, 65536, 6146009, 137, 0]
975 25
[0, 17, 65536, 6146009, 137, 0]
976 18
[0, 18, 65536, 6146009, 137, 138]
977 19
[0, 19, 65536, 6146009, 137, 35328]
978 20
[0, 20, 65536, 6146009, 137, 0]
979 21
[0, 21, 65536, 6146009, 137, 0]
980 22
[0, 23, 65536, 6146009, 137, 0]
981 24
[0, 24, 65536, 6146009, 138, 0]
982 25
[0, 17, 65536, 6146009, 138, 0]
983 18
[0, 18, 65536, 6146009, 138, 139]
984 19
[0, 19, 65536, 6146009, 138, 35584]
985 20
[0, 20, 65536, 6146009, 138, 0]
986 21
[0, 21, 65536, 6146009, 138, 0]
987 22
[0, 23, 65536, 6146009, 138, 0]
988 24
[0, 24, 65536, 6146009, 139, 0]
989 25
[0, 17, 65536, 6146009, 139, 0]
990 18
[0, 18, 65536, 6146009, 139, 140]
991 19
[0, 19, 65536, 6146009, 139, 35840]
992 20
[0, 20, 65536, 6146009, 139, 0]
993 21
[0, 21, 65536, 6146009, 139, 0]
994 22
[0, 23, 65536, 6146009, 139, 0]
995 24
[0, 24, 65536, 6146009, 140, 0]
996 25
[0, 17, 65536, 6146009, 140, 0]
997 18
[0, 18, 65536, 6146009, 140, 141]
998 19
[0, 19, 65536, 6146009, 140, 36096]
999 20
[0, 20, 65536, 6146009, 140, 0]
1000 21
[0, 21, 65536, 6146009, 140, 0]
1001 22
[0, 0, 0, 0, 0, 0]
1 0
[0, 0, 0, 123, 0, 0]
2 1
[0, 1, 0, 72, 0, 0]
3 2
[0, 2, 0, 1, 0, 0]
4 3
[0, 4, 0, 1, 0, 0]
5 5
[0, 5, 0, 0, 0, 0]
6 6
[0, 6, 65536, 0, 0, 0]
7 7
[0, 7, 65536, 1505483, 0, 0]
8 8
[0, 8, 65536, 1505483, 0, 0]
9 9
[0, 9, 65536, 1505483, 0, 0]
10 10
[0, 10, 65536, 1505483, 0, 0]
11 11
[0, 11, 65536, 99209824217, 0, 0]
12 12
[0, 12, 65536, 6146009, 0, 0]
13 13
[0, 13, 65536, 6146009, 0, 0]
14 14
[0, 14, 65536, 6146009, 0, 0]
15 15
[0, 16, 65536, 6146009, 0, 0]
16 17
[0, 17, 65536, 6146009, 0, 0]
17 18
[0, 18, 65536, 6146009, 0, 1]
18 19
[0, 19, 65536, 6146009, 0, 256]
19 20
[0, 20, 65536, 6146009, 0, 0]
20 21
[0, 21, 65536, 6146009, 0, 0]
21 22
[0, 23, 65536, 6146009, 0, 0]
22 24
[0, 24, 65536, 6146009, 1, 0]
23 25
[0, 17, 65536, 6146009, 1, 0]
24 18
[0, 18, 65536, 6146009, 1, 2]
25 19
[0, 19, 65536, 6146009, 1, 512]
26 20
[0, 20, 65536, 6146009, 1, 0]
27 21
[0, 21, 65536, 6146009, 1, 0]
28 22
[0, 23, 65536, 6146009, 1, 0]
29 24
[0, 24, 65536, 6146009, 2, 0]
30 25
[0, 17, 65536, 6146009, 2, 0]
31 18
[0, 18, 65536, 6146009, 2, 3]
32 19
[0, 19, 65536, 6146009, 2, 768]
33 20
[0, 20, 65536, 6146009, 2, 0]
34 21
[0, 21, 65536, 6146009, 2, 0]
35 22
[0, 23, 65536, 6146009, 2, 0]
36 24
[0, 24, 65536, 6146009, 3, 0]
37 25
[0, 17, 65536, 6146009, 3, 0]
38 18
[0, 18, 65536, 6146009, 3, 4]
39 19
[0, 19, 65536, 6146009, 3, 1024]
40 20
[0, 20, 65536, 6146009, 3, 0]
41 21
[0, 21, 65536, 6146009, 3, 0]
42 22
[0, 23, 65536, 6146009, 3, 0]
43 24
[0, 24, 65536, 6146009, 4, 0]
44 25
[0, 17, 65536, 6146009, 4, 0]
45 18
[0, 18, 65536, 6146009, 4, 5]
46 19
[0, 19, 65536, 6146009, 4, 1280]
47 20
[0, 20, 65536, 6146009, 4, 0]
48 21
[0, 21, 65536, 6146009, 4, 0]
49 22
[0, 23, 65536, 6146009, 4, 0]
50 24
[0, 24, 65536, 6146009, 5, 0]
51 25
[0, 17, 65536, 6146009, 5, 0]
52 18
[0, 18, 65536, 6146009, 5, 6]
53 19
[0, 19, 65536, 6146009, 5, 1536]
54 20
[0, 20, 65536, 6146009, 5, 0]
55 21
[0, 21, 65536, 6146009, 5, 0]
56 22
[0, 23, 65536, 6146009, 5, 0]
57 24
[0, 24, 65536, 6146009, 6, 0]
58 25
[0, 17, 65536, 6146009, 6, 0]
59 18
[0, 18, 65536, 6146009, 6, 7]
60 19
[0, 19, 65536, 6146009, 6, 1792]
61 20
[0, 20, 65536, 6146009, 6, 0]
62 21
[0, 21, 65536, 6146009, 6, 0]
63 22
[0, 23, 65536, 6146009, 6, 0]
64 24
[0, 24, 65536, 6146009, 7, 0]
65 25
[0, 17, 65536, 6146009, 7, 0]
66 18
[0, 18, 65536, 6146009, 7, 8]
67 19
[0, 19, 65536, 6146009, 7, 2048]
68 20
[0, 20, 65536, 6146009, 7, 0]
69 21
[0, 21, 65536, 6146009, 7, 0]
70 22
[0, 23, 65536, 6146009, 7, 0]
71 24
[0, 24, 65536, 6146009, 8, 0]
72 25
[0, 17, 65536, 6146009, 8, 0]
73 18
[0, 18, 65536, 6146009, 8, 9]
74 19
[0, 19, 65536, 6146009, 8, 2304]
75 20
[0, 20, 65536, 6146009, 8, 0]
76 21
[0, 21, 65536, 6146009, 8, 0]
77 22
[0, 23, 65536, 6146009, 8, 0]
78 24
[0, 24, 65536, 6146009, 9, 0]
79 25
[0, 17, 65536, 6146009, 9, 0]
80 18
[0, 18, 65536, 6146009, 9, 10]
81 19
[0, 19, 65536, 6146009, 9, 2560]
82 20
[0, 20, 65536, 6146009, 9, 0]
83 21
[0, 21, 65536, 6146009, 9, 0]
84 22
[0, 23, 65536, 6146009, 9, 0]
85 24
[0, 24, 65536, 6146009, 10, 0]
86 25
[0, 17, 65536, 6146009, 10, 0]
87 18
[0, 18, 65536, 6146009, 10, 11]
88 19
[0, 19, 65536, 6146009, 10, 2816]
89 20
[0, 20, 65536, 6146009, 10, 0]
90 21
[0, 21, 65536, 6146009, 10, 0]
91 22
[0, 23, 65536, 6146009, 10, 0]
92 24
[0, 24, 65536, 6146009, 11, 0]
93 25
[0, 17, 65536, 6146009, 11, 0]
94 18
[0, 18, 65536, 6146009, 11, 12]
95 19
[0, 19, 65536, 6146009, 11, 3072]
96 20
[0, 20, 65536, 6146009, 11, 0]
97 21
[0, 21, 65536, 6146009, 11, 0]
98 22
[0, 23, 65536, 6146009, 11, 0]
99 24
[0, 24, 65536, 6146009, 12, 0]
100 25
[0, 17, 65536, 6146009, 12, 0]
101 18
[0, 18, 65536, 6146009, 12, 13]
102 19
[0, 19, 65536, 6146009, 12, 3328]
103 20
[0, 20, 65536, 6146009, 12, 0]
104 21
[0, 21, 65536, 6146009, 12, 0]
105 22
[0, 23, 65536, 6146009, 12, 0]
106 24
[0, 24, 65536, 6146009, 13, 0]
107 25
[0, 17, 65536, 6146009, 13, 0]
108 18
[0, 18, 65536, 6146009, 13, 14]
109 19
[0, 19, 65536, 6146009, 13, 3584]
110 20
[0, 20, 65536, 6146009, 13, 0]
111 21
[0, 21, 65536, 6146009, 13, 0]
112 22
[0, 23, 65536, 6146009, 13, 0]
113 24
[0, 24, 65536, 6146009, 14, 0]
114 25
[0, 17, 65536, 6146009, 14, 0]
115 18
[0, 18, 65536, 6146009, 14, 15]
116 19
[0, 19, 65536, 6146009, 14, 3840]
117 20
[0, 20, 65536, 6146009, 14, 0]
118 21
[0, 21, 65536, 6146009, 14, 0]
119 22
[0, 23, 65536, 6146009, 14, 0]
120 24
[0, 24, 65536, 6146009, 15, 0]
121 25
[0, 17, 65536, 6146009, 15, 0]
122 18
[0, 18, 65536, 6146009, 15, 16]
123 19
[0, 19, 65536, 6146009, 15, 4096]
124 20
[0, 20, 65536, 6146009, 15, 0]
125 21
[0, 21, 65536, 6146009, 15, 0]
126 22
[0, 23, 65536, 6146009, 15, 0]
127 24
[0, 24, 65536, 6146009, 16, 0]
128 25
[0, 17, 65536, 6146009, 16, 0]
129 18
[0, 18, 65536, 6146009, 16, 17]
130 19
[0, 19, 65536, 6146009, 16, 4352]
131 20
[0, 20, 65536, 6146009, 16, 0]
132 21
[0, 21, 65536, 6146009, 16, 0]
133 22
[0, 23, 65536, 6146009, 16, 0]
134 24
[0, 24, 65536, 6146009, 17, 0]
135 25
[0, 17, 65536, 6146009, 17, 0]
136 18
[0, 18, 65536, 6146009, 17, 18]
137 19
[0, 19, 65536, 6146009, 17, 4608]
138 20
[0, 20, 65536, 6146009, 17, 0]
139 21
[0, 21, 65536, 6146009, 17, 0]
140 22
[0, 23, 65536, 6146009, 17, 0]
141 24
[0, 24, 65536, 6146009, 18, 0]
142 25
[0, 17, 65536, 6146009, 18, 0]
143 18
[0, 18, 65536, 6146009, 18, 19]
144 19
[0, 19, 65536, 6146009, 18, 4864]
145 20
[0, 20, 65536, 6146009, 18, 0]
146 21
[0, 21, 65536, 6146009, 18, 0]
147 22
[0, 23, 65536, 6146009, 18, 0]
148 24
[0, 24, 65536, 6146009, 19, 0]
149 25
[0, 17, 65536, 6146009, 19, 0]
150 18
[0, 18, 65536, 6146009, 19, 20]
151 19
[0, 19, 65536, 6146009, 19, 5120]
152 20
[0, 20, 65536, 6146009, 19, 0]
153 21
[0, 21, 65536, 6146009, 19, 0]
154 22
[0, 23, 65536, 6146009, 19, 0]
155 24
[0, 24, 65536, 6146009, 20, 0]
156 25
[0, 17, 65536, 6146009, 20, 0]
157 18
[0, 18, 65536, 6146009, 20, 21]
158 19
[0, 19, 65536, 6146009, 20, 5376]
159 20
[0, 20, 65536, 6146009, 20, 0]
160 21
[0, 21, 65536, 6146009, 20, 0]
161 22
[0, 23, 65536, 6146009, 20, 0]
162 24
[0, 24, 65536, 6146009, 21, 0]
163 25
[0, 17, 65536, 6146009, 21, 0]
164 18
[0, 18, 65536, 6146009, 21, 22]
165 19
[0, 19, 65536, 6146009, 21, 5632]
166 20
[0, 20, 65536, 6146009, 21, 0]
167 21
[0, 21, 65536, 6146009, 21, 0]
168 22
[0, 23, 65536, 6146009, 21, 0]
169 24
[0, 24, 65536, 6146009, 22, 0]
170 25
[0, 17, 65536, 6146009, 22, 0]
171 18
[0, 18, 65536, 6146009, 22, 23]
172 19
[0, 19, 65536, 6146009, 22, 5888]
173 20
[0, 20, 65536, 6146009, 22, 0]
174 21
[0, 21, 65536, 6146009, 22, 0]
175 22
[0, 23, 65536, 6146009, 22, 0]
176 24
[0, 24, 65536, 6146009, 23, 0]
177 25
[0, 17, 65536, 6146009, 23, 0]
178 18
[0, 18, 65536, 6146009, 23, 24]
179 19
[0, 19, 65536, 6146009, 23, 6144]
180 20
[0, 20, 65536, 6146009, 23, 0]
181 21
[0, 21, 65536, 6146009, 23, 0]
182 22
[0, 23, 65536, 6146009, 23, 0]
183 24
[0, 24, 65536, 6146009, 24, 0]
184 25
[0, 17, 65536, 6146009, 24, 0]
185 18
[0, 18, 65536, 6146009, 24, 25]
186 19
[0, 19, 65536, 6146009, 24, 6400]
187 20
[0, 20, 65536, 6146009, 24, 0]
188 21
[0, 21, 65536, 6146009, 24, 0]
189 22
[0, 23, 65536, 6146009, 24, 0]
190 24
[0, 24, 65536, 6146009, 25, 0]
191 25
[0, 17, 65536, 6146009, 25, 0]
192 18
[0, 18, 65536, 6146009, 25, 26]
193 19
[0, 19, 65536, 6146009, 25, 6656]
194 20
[0, 20, 65536, 6146009, 25, 0]
195 21
[0, 21, 65536, 6146009, 25, 0]
196 22
[0, 23, 65536, 6146009, 25, 0]
197 24
[0, 24, 65536, 6146009, 26, 0]
198 25
[0, 17, 65536, 6146009, 26, 0]
199 18
[0, 18, 65536, 6146009, 26, 27]
200 19
[0, 19, 65536, 6146009, 26, 6912]
201 20
[0, 20, 65536, 6146009, 26, 0]
202 21
[0, 21, 65536, 6146009, 26, 0]
203 22
[0, 23, 65536, 6146009, 26, 0]
204 24
[0, 24, 65536, 6146009, 27, 0]
205 25
[0, 17, 65536, 6146009, 27, 0]
206 18
[0, 18, 65536, 6146009, 27, 28]
207 19
[0, 19, 65536, 6146009, 27, 7168]
208 20
[0, 20, 65536, 6146009, 27, 0]
209 21
[0, 21, 65536, 6146009, 27, 0]
210 22
[0, 23, 65536, 6146009, 27, 0]
211 24
[0, 24, 65536, 6146009, 28, 0]
212 25
[0, 17, 65536, 6146009, 28, 0]
213 18
[0, 18, 65536, 6146009, 28, 29]
214 19
[0, 19, 65536, 6146009, 28, 7424]
215 20
[0, 20, 65536, 6146009, 28, 0]
216 21
[0, 21, 65536, 6146009, 28, 0]
217 22
[0, 23, 65536, 6146009, 28, 0]
218 24
[0, 24, 65536, 6146009, 29, 0]
219 25
[0, 17, 65536, 6146009, 29, 0]
220 18
[0, 18, 65536, 6146009, 29, 30]
221 19
[0, 19, 65536, 6146009, 29, 7680]
222 20
[0, 20, 65536, 6146009, 29, 0]
223 21
[0, 21, 65536, 6146009, 29, 0]
224 22
[0, 23, 65536, 6146009, 29, 0]
225 24
[0, 24, 65536, 6146009, 30, 0]
226 25
[0, 17, 65536, 6146009, 30, 0]
227 18
[0, 18, 65536, 6146009, 30, 31]
228 19
[0, 19, 65536, 6146009, 30, 7936]
229 20
[0, 20, 65536, 6146009, 30, 0]
230 21
[0, 21, 65536, 6146009, 30, 0]
231 22
[0, 23, 65536, 6146009, 30, 0]
232 24
[0, 24, 65536, 6146009, 31, 0]
233 25
[0, 17, 65536, 6146009, 31, 0]
234 18
[0, 18, 65536, 6146009, 31, 32]
235 19
[0, 19, 65536, 6146009, 31, 8192]
236 20
[0, 20, 65536, 6146009, 31, 0]
237 21
[0, 21, 65536, 6146009, 31, 0]
238 22
[0, 23, 65536, 6146009, 31, 0]
239 24
[0, 24, 65536, 6146009, 32, 0]
240 25
[0, 17, 65536, 6146009, 32, 0]
241 18
[0, 18, 65536, 6146009, 32, 33]
242 19
[0, 19, 65536, 6146009, 32, 8448]
243 20
[0, 20, 65536, 6146009, 32, 0]
244 21
[0, 21, 65536, 6146009, 32, 0]
245 22
[0, 23, 65536, 6146009, 32, 0]
246 24
[0, 24, 65536, 6146009, 33, 0]
247 25
[0, 17, 65536, 6146009, 33, 0]
248 18
[0, 18, 65536, 6146009, 33, 34]
249 19
[0, 19, 65536, 6146009, 33, 8704]
250 20
[0, 20, 65536, 6146009, 33, 0]
251 21
[0, 21, 65536, 6146009, 33, 0]
252 22
[0, 23, 65536, 6146009, 33, 0]
253 24
[0, 24, 65536, 6146009, 34, 0]
254 25
[0, 17, 65536, 6146009, 34, 0]
255 18
[0, 18, 65536, 6146009, 34, 35]
256 19
[0, 19, 65536, 6146009, 34, 8960]
257 20
[0, 20, 65536, 6146009, 34, 0]
258 21
[0, 21, 65536, 6146009, 34, 0]
259 22
[0, 23, 65536, 6146009, 34, 0]
260 24
[0, 24, 65536, 6146009, 35, 0]
261 25
[0, 17, 65536, 6146009, 35, 0]
262 18
[0, 18, 65536, 6146009, 35, 36]
263 19
[0, 19, 65536, 6146009, 35, 9216]
264 20
[0, 20, 65536, 6146009, 35, 0]
265 21
[0, 21, 65536, 6146009, 35, 0]
266 22
[0, 23, 65536, 6146009, 35, 0]
267 24
[0, 24, 65536, 6146009, 36, 0]
268 25
[0, 17, 65536, 6146009, 36, 0]
269 18
[0, 18, 65536, 6146009, 36, 37]
270 19
[0, 19, 65536, 6146009, 36, 9472]
271 20
[0, 20, 65536, 6146009, 36, 0]
272 21
[0, 21, 65536, 6146009, 36, 0]
273 22
[0, 23, 65536, 6146009, 36, 0]
274 24
[0, 24, 65536, 6146009, 37, 0]
275 25
[0, 17, 65536, 6146009, 37, 0]
276 18
[0, 18, 65536, 6146009, 37, 38]
277 19
[0, 19, 65536, 6146009, 37, 9728]
278 20
[0, 20, 65536, 6146009, 37, 0]
279 21
[0, 21, 65536, 6146009, 37, 0]
280 22
[0, 23, 65536, 6146009, 37, 0]
281 24
[0, 24, 65536, 6146009, 38, 0]
282 25
[0, 17, 65536, 6146009, 38, 0]
283 18
[0, 18, 65536, 6146009, 38, 39]
284 19
[0, 19, 65536, 6146009, 38, 9984]
285 20
[0, 20, 65536, 6146009, 38, 0]
286 21
[0, 21, 65536, 6146009, 38, 0]
287 22
[0, 23, 65536, 6146009, 38, 0]
288 24
[0, 24, 65536, 6146009, 39, 0]
289 25
[0, 17, 65536, 6146009, 39, 0]
290 18
[0, 18, 65536, 6146009, 39, 40]
291 19
[0, 19, 65536, 6146009, 39, 10240]
292 20
[0, 20, 65536, 6146009, 39, 0]
293 21
[0, 21, 65536, 6146009, 39, 0]
294 22
[0, 23, 65536, 6146009, 39, 0]
295 24
[0, 24, 65536, 6146009, 40, 0]
296 25
[0, 17, 65536, 6146009, 40, 0]
297 18
[0, 18, 65536, 6146009, 40, 41]
298 19
[0, 19, 65536, 6146009, 40, 10496]
299 20
[0, 20, 65536, 6146009, 40, 0]
300 21
[0, 21, 65536, 6146009, 40, 0]
301 22
[0, 23, 65536, 6146009, 40, 0]
302 24
[0, 24, 65536, 6146009, 41, 0]
303 25
[0, 17, 65536, 6146009, 41, 0]
304 18
[0, 18, 65536, 6146009, 41, 42]
305 19
[0, 19, 65536, 6146009, 41, 10752]
306 20
[0, 20, 65536, 6146009, 41, 0]
307 21
[0, 21, 65536, 6146009, 41, 0]
308 22
[0, 23, 65536, 6146009, 41, 0]
309 24
[0, 24, 65536, 6146009, 42, 0]
310 25
[0, 17, 65536, 6146009, 42, 0]
311 18
[0, 18, 65536, 6146009, 42, 43]
312 19
[0, 19, 65536, 6146009, 42, 11008]
313 20
[0, 20, 65536, 6146009, 42, 0]
314 21
[0, 21, 65536, 6146009, 42, 0]
315 22
[0, 23, 65536, 6146009, 42, 0]
316 24
[0, 24, 65536, 6146009, 43, 0]
317 25
[0, 17, 65536, 6146009, 43, 0]
318 18
[0, 18, 65536, 6146009, 43, 44]
319 19
[0, 19, 65536, 6146009, 43, 11264]
320 20
[0, 20, 65536, 6146009, 43, 0]
321 21
[0, 21, 65536, 6146009, 43, 0]
322 22
[0, 23, 65536, 6146009, 43, 0]
323 24
[0, 24, 65536, 6146009, 44, 0]
324 25
[0, 17, 65536, 6146009, 44, 0]
325 18
[0, 18, 65536, 6146009, 44, 45]
326 19
[0, 19, 65536, 6146009, 44, 11520]
327 20
[0, 20, 65536, 6146009, 44, 0]
328 21
[0, 21, 65536, 6146009, 44, 0]
329 22
[0, 23, 65536, 6146009, 44, 0]
330 24
[0, 24, 65536, 6146009, 45, 0]
331 25
[0, 17, 65536, 6146009, 45, 0]
332 18
[0, 18, 65536, 6146009, 45, 46]
333 19
[0, 19, 65536, 6146009, 45, 11776]
334 20
[0, 20, 65536, 6146009, 45, 0]
335 21
[0, 21, 65536, 6146009, 45, 0]
336 22
[0, 23, 65536, 6146009, 45, 0]
337 24
[0, 24, 65536, 6146009, 46, 0]
338 25
[0, 17, 65536, 6146009, 46, 0]
339 18
[0, 18, 65536, 6146009, 46, 47]
340 19
[0, 19, 65536, 6146009, 46, 12032]
341 20
[0, 20, 65536, 6146009, 46, 0]
342 21
[0, 21, 65536, 6146009, 46, 0]
343 22
[0, 23, 65536, 6146009, 46, 0]
344 24
[0, 24, 65536, 6146009, 47, 0]
345 25
[0, 17, 65536, 6146009, 47, 0]
346 18
[0, 18, 65536, 6146009, 47, 48]
347 19
[0, 19, 65536, 6146009, 47, 12288]
348 20
[0, 20, 65536, 6146009, 47, 0]
349 21
[0, 21, 65536, 6146009, 47, 0]
350 22
[0, 23, 65536, 6146009, 47, 0]
351 24
[0, 24, 65536, 6146009, 48, 0]
352 25
[0, 17, 65536, 6146009, 48, 0]
353 18
[0, 18, 65536, 6146009, 48, 49]
354 19
[0, 19, 65536, 6146009, 48, 12544]
355 20
[0, 20, 65536, 6146009, 48, 0]
356 21
[0, 21, 65536, 6146009, 48, 0]
357 22
[0, 23, 65536, 6146009, 48, 0]
358 24
[0, 24, 65536, 6146009, 49, 0]
359 25
[0, 17, 65536, 6146009, 49, 0]
360 18
[0, 18, 65536, 6146009, 49, 50]
361 19
[0, 19, 65536, 6146009, 49, 12800]
362 20
[0, 20, 65536, 6146009, 49, 0]
363 21
[0, 21, 65536, 6146009, 49, 0]
364 22
[0, 23, 65536, 6146009, 49, 0]
365 24
[0, 24, 65536, 6146009, 50, 0]
366 25
[0, 17, 65536, 6146009, 50, 0]
367 18
[0, 18, 65536, 6146009, 50, 51]
368 19
[0, 19, 65536, 6146009, 50, 13056]
369 20
[0, 20, 65536, 6146009, 50, 0]
370 21
[0, 21, 65536, 6146009, 50, 0]
371 22
[0, 23, 65536, 6146009, 50, 0]
372 24
[0, 24, 65536, 6146009, 51, 0]
373 25
[0, 17, 65536, 6146009, 51, 0]
374 18
[0, 18, 65536, 6146009, 51, 52]
375 19
[0, 19, 65536, 6146009, 51, 13312]
376 20
[0, 20, 65536, 6146009, 51, 0]
377 21
[0, 21, 65536, 6146009, 51, 0]
378 22
[0, 23, 65536, 6146009, 51, 0]
379 24
[0, 24, 65536, 6146009, 52, 0]
380 25
[0, 17, 65536, 6146009, 52, 0]
381 18
[0, 18, 65536, 6146009, 52, 53]
382 19
[0, 19, 65536, 6146009, 52, 13568]
383 20
[0, 20, 65536, 6146009, 52, 0]
384 21
[0, 21, 65536, 6146009, 52, 0]
385 22
[0, 23, 65536, 6146009, 52, 0]
386 24
[0, 24, 65536, 6146009, 53, 0]
387 25
[0, 17, 65536, 6146009, 53, 0]
388 18
[0, 18, 65536, 6146009, 53, 54]
389 19
[0, 19, 65536, 6146009, 53, 13824]
390 20
[0, 20, 65536, 6146009, 53, 0]
391 21
[0, 21, 65536, 6146009, 53, 0]
392 22
[0, 23, 65536, 6146009, 53, 0]
393 24
[0, 24, 65536, 6146009, 54, 0]
394 25
[0, 17, 65536, 6146009, 54, 0]
395 18
[0, 18, 65536, 6146009, 54, 55]
396 19
[0, 19, 65536, 6146009, 54, 14080]
397 20
[0, 20, 65536, 6146009, 54, 0]
398 21
[0, 21, 65536, 6146009, 54, 0]
399 22
[0, 23, 65536, 6146009, 54, 0]
400 24
[0, 24, 65536, 6146009, 55, 0]
401 25
[0, 17, 65536, 6146009, 55, 0]
402 18
[0, 18, 65536, 6146009, 55, 56]
403 19
[0, 19, 65536, 6146009, 55, 14336]
404 20
[0, 20, 65536, 6146009, 55, 0]
405 21
[0, 21, 65536, 6146009, 55, 0]
406 22
[0, 23, 65536, 6146009, 55, 0]
407 24
[0, 24, 65536, 6146009, 56, 0]
408 25
[0, 17, 65536, 6146009, 56, 0]
409 18
[0, 18, 65536, 6146009, 56, 57]
410 19
[0, 19, 65536, 6146009, 56, 14592]
411 20
[0, 20, 65536, 6146009, 56, 0]
412 21
[0, 21, 65536, 6146009, 56, 0]
413 22
[0, 23, 65536, 6146009, 56, 0]
414 24
[0, 24, 65536, 6146009, 57, 0]
415 25
[0, 17, 65536, 6146009, 57, 0]
416 18
[0, 18, 65536, 6146009, 57, 58]
417 19
[0, 19, 65536, 6146009, 57, 14848]
418 20
[0, 20, 65536, 6146009, 57, 0]
419 21
[0, 21, 65536, 6146009, 57, 0]
420 22
[0, 23, 65536, 6146009, 57, 0]
421 24
[0, 24, 65536, 6146009, 58, 0]
422 25
[0, 17, 65536, 6146009, 58, 0]
423 18
[0, 18, 65536, 6146009, 58, 59]
424 19
[0, 19, 65536, 6146009, 58, 15104]
425 20
[0, 20, 65536, 6146009, 58, 0]
426 21
[0, 21, 65536, 6146009, 58, 0]
427 22
[0, 23, 65536, 6146009, 58, 0]
428 24
[0, 24, 65536, 6146009, 59, 0]
429 25
[0, 17, 65536, 6146009, 59, 0]
430 18
[0, 18, 65536, 6146009, 59, 60]
431 19
[0, 19, 65536, 6146009, 59, 15360]
432 20
[0, 20, 65536, 6146009, 59, 0]
433 21
[0, 21, 65536, 6146009, 59, 0]
434 22
[0, 23, 65536, 6146009, 59, 0]
435 24
[0, 24, 65536, 6146009, 60, 0]
436 25
[0, 17, 65536, 6146009, 60, 0]
437 18
[0, 18, 65536, 6146009, 60, 61]
438 19
[0, 19, 65536, 6146009, 60, 15616]
439 20
[0, 20, 65536, 6146009, 60, 0]
440 21
[0, 21, 65536, 6146009, 60, 0]
441 22
[0, 23, 65536, 6146009, 60, 0]
442 24
[0, 24, 65536, 6146009, 61, 0]
443 25
[0, 17, 65536, 6146009, 61, 0]
444 18
[0, 18, 65536, 6146009, 61, 62]
445 19
[0, 19, 65536, 6146009, 61, 15872]
446 20
[0, 20, 65536, 6146009, 61, 0]
447 21
[0, 21, 65536, 6146009, 61, 0]
448 22
[0, 23, 65536, 6146009, 61, 0]
449 24
[0, 24, 65536, 6146009, 62, 0]
450 25
[0, 17, 65536, 6146009, 62, 0]
451 18
[0, 18, 65536, 6146009, 62, 63]
452 19
[0, 19, 65536, 6146009, 62, 16128]
453 20
[0, 20, 65536, 6146009, 62, 0]
454 21
[0, 21, 65536, 6146009, 62, 0]
455 22
[0, 23, 65536, 6146009, 62, 0]
456 24
[0, 24, 65536, 6146009, 63, 0]
457 25
[0, 17, 65536, 6146009, 63, 0]
458 18
[0, 18, 65536, 6146009, 63, 64]
459 19
[0, 19, 65536, 6146009, 63, 16384]
460 20
[0, 20, 65536, 6146009, 63, 0]
461 21
[0, 21, 65536, 6146009, 63, 0]
462 22
[0, 23, 65536, 6146009, 63, 0]
463 24
[0, 24, 65536, 6146009, 64, 0]
464 25
[0, 17, 65536, 6146009, 64, 0]
465 18
[0, 18, 65536, 6146009, 64, 65]
466 19
[0, 19, 65536, 6146009, 64, 16640]
467 20
[0, 20, 65536, 6146009, 64, 0]
468 21
[0, 21, 65536, 6146009, 64, 0]
469 22
[0, 23, 65536, 6146009, 64, 0]
470 24
[0, 24, 65536, 6146009, 65, 0]
471 25
[0, 17, 65536, 6146009, 65, 0]
472 18
[0, 18, 65536, 6146009, 65, 66]
473 19
[0, 19, 65536, 6146009, 65, 16896]
474 20
[0, 20, 65536, 6146009, 65, 0]
475 21
[0, 21, 65536, 6146009, 65, 0]
476 22
[0, 23, 65536, 6146009, 65, 0]
477 24
[0, 24, 65536, 6146009, 66, 0]
478 25
[0, 17, 65536, 6146009, 66, 0]
479 18
[0, 18, 65536, 6146009, 66, 67]
480 19
[0, 19, 65536, 6146009, 66, 17152]
481 20
[0, 20, 65536, 6146009, 66, 0]
482 21
[0, 21, 65536, 6146009, 66, 0]
483 22
[0, 23, 65536, 6146009, 66, 0]
484 24
[0, 24, 65536, 6146009, 67, 0]
485 25
[0, 17, 65536, 6146009, 67, 0]
486 18
[0, 18, 65536, 6146009, 67, 68]
487 19
[0, 19, 65536, 6146009, 67, 17408]
488 20
[0, 20, 65536, 6146009, 67, 0]
489 21
[0, 21, 65536, 6146009, 67, 0]
490 22
[0, 23, 65536, 6146009, 67, 0]
491 24
[0, 24, 65536, 6146009, 68, 0]
492 25
[0, 17, 65536, 6146009, 68, 0]
493 18
[0, 18, 65536, 6146009, 68, 69]
494 19
[0, 19, 65536, 6146009, 68, 17664]
495 20
[0, 20, 65536, 6146009, 68, 0]
496 21
[0, 21, 65536, 6146009, 68, 0]
497 22
[0, 23, 65536, 6146009, 68, 0]
498 24
